0
742.0555964155071
418.56516732150135
1
742.0555964155071
445.73918555364173
2
746.2362146050671
475.0035128805622
3
752.5071418894072
500.0872220179226
4
754.5974509841872
533.5321675344031
5
758.7780691737473
564.8868039561037
6
765.0489964580875
596.2414403778041
7
767.1393055528674
631.7766949890647
8
771.3199237424276
673.5828768846653
9
773.4102328372076
709.1181314959259
10
779.6811601215477
750.9243133915265
11
779.6811601215477
790.6401861923472
12
779.6811601215477
832.4463680879478
13
781.7714692163277
876.3428590783285
14
783.8617783111076
920.2393500687092
15
783.8617783111076
968.3164592486501
16
788.0423965006678
1012.2129502390308
17
785.9520874058878
1062.3803685137516
0