0
961.5380513674106
487.54536744924235
1
959.4477422726304
468.73258559622207
2
961.5380513674106
449.9198037432018
3
959.4477422726304
433.1973309849616
4
959.4477422726304
418.56516732150135
5
959.4477422726304
403.9330036580411
6
957.3574331778505
387.2105308998008
7
957.3574331778505
374.66867633112065
8
957.3574331778505
360.0365126676604
9
955.2671240830705
343.3140399094201
10
953.1768149882905
328.68187624595987
11
948.9961967987304
316.1400216772797
12
944.8155786091702
303.59816710859945
13
938.5446513248303
291.0563125399193
14
938.5446513248303
280.6047670660191
15
934.3640331352701
265.9726034025589
0