260
742.0555964155071
303.59816710859945
261
744.1459055102871
322.41094896161974
262
746.2362146050671
339.13342171986005
263
746.2362146050671
351.6752762885402
264
752.5071418894072
372.57836723634057
265
756.6877600789674
391.39114908936085
266
760.8683782685273
406.0233127528211
267
762.9586873633073
429.0167127954014
268
767.1393055528674
445.73918555364173
269
771.3199237424276
466.6422765014421
270
773.4102328372076
489.63567654402243
271
775.5005419319875
510.5387674918228
272
779.6811601215477
535.6224766291832
273
779.6811601215477
560.7061857665435
274
779.6811601215477
585.7898949039039
275
779.6811601215477
612.9639131360444
276
777.5908510267675
635.9573131786248
277
775.5005419319875
669.4022586951053
278
775.5005419319875
694.4859678324657
279
775.5005419319875
727.9309133489462
280
775.5005419319875
761.3758588654267
281
777.5908510267675
790.6401861923472
282
779.6811601215477
824.0851317088277
283
783.8617783111076
863.8010045096484
284
783.8617783111076
899.336259120909
285
788.0423965006678
934.8715137321694
286
788.0423965006678
976.6776956277702
287
783.8617783111076
1014.3032593338107
288
781.7714692163277
1058.1997503241914
0