2328
721.6884742650575
277.3754088326988
2329
717.5571122544613
291.8351758697853
2330
711.3600692385669
308.36062391217
2331
705.1630262226727
324.88607195455484
2332
701.0316642120765
345.5428820075357
2333
694.8346211961823
364.1340110552185
2334
690.7032591855861
382.72514010290126
2335
686.57189717499
403.38195015588224
2336
684.5062161696919
421.973079203565
2337
680.3748541590955
440.5642082512478
2338
680.3748541590955
461.22101830422866
2339
676.2434921484994
477.7464663466134
2340
674.1778111432013
498.40327639959435
2341
670.0464491326052
523.1914484631714
2342
665.915087122009
541.7825775108543
2343
661.7837251114129
564.5050685691332
2344
655.5866820955187
585.161878622114
2345
651.4553200849225
605.818688675095
2346
639.0612340531338
626.4754987280759
2347
622.5357860107492
651.263670791653
2348
603.9446569630663
667.7891188340377
2349
577.0908038941911
688.4459288870186
2350
550.2369508253162
709.1027389399994
2351
517.1860547405465
725.6281869823842
2352
488.2665206663733
740.0879540194708
2353
455.2156245816039
752.4820400512593
2354
411.8363234703441
764.8761260830479
2355
370.52270336438227
771.0731690989421
2356
329.20908325842055
775.2045311095383
2357
285.82978214716064
781.4015741254326
2358
236.2534380200065
783.4672551307307
2359
190.80845590344853
787.5986171413269
2360
135.03506876040018
793.7956601572212
2361
79.26168161735171
795.8613411625192
2