2343
748.5423273339327
271.17836581680444
2344
744.4109653233363
283.572451848593
2345
742.3452843180382
300.0978998909777
2346
736.148241302144
314.55766692806435
2347
732.0168792915479
331.08311497044906
2348
725.8198362756536
345.5428820075357
2349
723.7541552703556
362.0683300499204
2350
721.6884742650575
376.52809708700704
2351
721.6884742650575
395.1192261346898
2352
721.6884742650575
411.64467417707453
2353
723.7541552703556
426.10444121416117
2354
721.6884742650575
444.69557026184395
2355
721.6884742650575
461.22101830422866
2356
721.6884742650575
475.6807853413153
2357
719.6227932597594
488.07487137310386
2358
719.6227932597594
500.4689574048924
2359
721.6884742650575
512.863043436681
2360
723.7541552703556
525.2571294684694
2361
723.7541552703556
537.651215500258
2362
721.6884742650575
550.0453015320466
2363
715.491431249163
564.5050685691332
2364
705.1630262226727
574.8334735956237
2365
698.9659832067784
587.2275596274121
2366
688.6375781802881
601.6873266644988
2367
680.3748541590955
609.9500506856912
2368
678.3091731537975
628.541179733374
2369
676.2434921484994
645.0666277757587
2370
678.3091731537975
657.4607138075472
2371
678.3091731537975
671.9204808446339
2372
676.2434921484994
684.3145668764224
2373
674.1778111432013
694.6429719029128
2374
670.0464491326052
704.9713769294033
2375
667.9807681273071
713.2341009505957
2376
663.849406116711
723.5625059770861
2377
657.6523631008167
731.8252299982785
2378
651.4553200849225
742.1536350247688
2379
647.3239580743261
754.5477210565574
2380
643.19259606373
775.2045311095383
2381
643.19259606373
791.7299791519231
2382
649.3896390796242
804.1240651837115
2383
653.5210010902206
820.6495132260964
2384
659.7180441061148
837.174961268481
2385
663.849406116711
853.7004093108658
2386
667.9807681273071
868.1601763479523
2387
672.1121301379033
884.6856243903371
2388
682.4405351643939
899.1453914274236
2389
690.7032591855861
913.6051584645104
2390
703.0973452173746
928.0649255015969
2391
709.2943882332688
938.3933305280874
2392
719.6227932597594
948.7217355545779
2393
727.8855172809517
963.1815025916644
2394
732.0168792915479
979.7069506340492
2395
732.0168792915479
996.232398676434
2396
734.0825602968459
1016.8892087294148
2397
738.2139223074421
1037.5460187823958
2398
742.3452843180382
1056.1371478300784
2399
748.5423273339327
1072.6625958724633
0