2364
767.1334563816154
287.70381385918915
2365
765.0677753763173
308.36062391217
2366
767.1334563816154
329.017433965151
2367
763.0020943710192
347.60856301283377
2368
763.0020943710192
368.26537306581463
2369
760.9364133657211
388.9221831187956
2370
758.8707323604231
407.5133121664784
2371
756.805051355125
428.17012221945924
2372
752.6736893445288
450.8926132777383
2373
752.6736893445288
471.54942333071915
2374
748.5423273339327
488.07487137310386
2375
748.5423273339327
510.7973624313829
2376
746.4766463286344
529.3884914790657
2377
744.4109653233363
550.0453015320466
2378
744.4109653233363
568.6364305797293
2379
742.3452843180382
589.2932406327103
2380
740.2796033127402
612.0157316909892
2381
736.148241302144
630.606860738672
2382
734.0825602968459
657.4607138075472
2383
732.0168792915479
673.9861618499319
2384
727.8855172809517
694.6429719029128
2385
723.7541552703556
717.3654629611918
2386
719.6227932597594
738.0222730141727
2387
717.5571122544613
758.6790830671537
2388
715.491431249163
779.3358931201345
2389
715.491431249163
797.9270221678173
2390
717.5571122544613
816.5181512155001
2391
719.6227932597594
837.174961268481
2392
723.7541552703556
851.6347283055677
2393
727.8855172809517
866.0944953426542
2394
729.9511982862498
880.554262379741
2395
736.148241302144
892.9483484115294
2396
740.2796033127402
905.342434443318
2397
744.4109653233363
917.7365204751065
2398
746.4766463286344
928.0649255015969
2399
750.6080083392308
938.3933305280874
2400
752.6736893445288
952.853097565174
2401
754.7393703498269
971.4442266128568
2402
750.6080083392308
983.8383126446454
2403
754.7393703498269
1004.4951226976262
2404
754.7393703498269
1023.086251745309
2405
750.6080083392308
1041.677380792992
2406
748.5423273339327
1060.2685098406746
0