2366
674.1778111432013
1064.3998718512707
2367
674.1778111432013
1039.6116997876939
2368
676.2434921484994
1010.6921657135206
2369
678.3091731537975
992.1010366658377
2370
686.57189717499
967.3128646022607
2371
694.8346211961823
944.5903735439817
2372
705.1630262226727
915.6708394698085
2373
717.5571122544613
890.8826674062313
2374
729.9511982862498
866.0944953426542
2375
746.4766463286344
839.240642273779
2376
760.9364133657211
818.5838322207983
2377
773.3304993975096
791.7299791519231
2378
785.7245854292983
766.941807088346
2379
798.1186714610867
744.2193160300669
2380
812.5784384981732
719.4311439664899
2381
824.9725245299619
696.7086529082109
2382
841.4979725723465
678.1175238605281
2383
858.0234206147313
655.3950328022491
2384
870.4175066465198
634.7382227492682
2385
878.6802306677121
616.1470937015854
2386
893.1399977047988
595.4902836486045
2387
899.337040720693
578.9648356062198
2388
903.4684027312892
560.373706558537
2389
909.6654457471834
545.9139395214504
2390
907.5997647418853
529.3884914790657
2391
907.5997647418853
514.928724441979
2392
909.6654457471834
502.5346384101905
2393
911.7311267524815
490.14055237840194
2394
911.7311267524815
475.6807853413153
2395
911.7311267524815
461.22101830422866
2396
913.7968077577796
448.8269322724402
2397
911.7311267524815
440.5642082512478
2398
909.6654457471834
426.10444121416117
2399
907.5997647418853
415.7760361876707
2400
905.5340837365873
403.38195015588224
2401
903.4684027312892
390.9878641240937
2402
903.4684027312892
378.5937780923051
2403
899.337040720693
366.19969206051655
2404
899.337040720693
351.7399250234299
2405
897.271359715395
337.2801579863433
2406
895.2056787100969
324.88607195455484
2407
897.271359715395
312.4919859227663
2408
897.271359715395
300.0978998909777
2409
897.271359715395
283.572451848593
2410
899.337040720693
269.11268481150637
2411
901.4027217259911
256.7185987797178
0