2373
682.4405351643939
1062.334190845973
2374
688.6375781802881
1033.4146567717994
2375
692.7689401908842
1010.6921657135206
2376
703.0973452173746
983.8383126446454
2377
713.425750243865
959.0501405810683
2378
725.8198362756536
936.3276495227893
2379
740.2796033127402
911.5394774592123
2380
748.5423273339327
888.8169864009333
2381
758.8707323604231
861.9631333320581
2382
767.1334563816154
833.0435992578848
2383
773.3304993975096
812.386789204904
2384
783.6589044240002
783.4672551307307
2385
791.9216284451925
760.7447640724517
2386
800.1843524663848
735.9565920088746
2387
810.5127574928752
711.1684199452975
2388
818.7754815140677
688.4459288870186
2389
829.103886540558
665.7234378287395
2390
837.3666105617503
645.0666277757587
2391
843.5636535776446
622.3441367174797
2392
851.8263775988371
601.6873266644988
2393
858.0234206147313
581.0305166115179
2394
864.2204636306255
562.4393875638351
2395
868.3518256412217
543.8482585161523
2396
874.5488686571159
523.1914484631714
2397
878.6802306677121
506.66600042078665
2398
878.6802306677121
492.2062333837
2399
878.6802306677121
471.54942333071915
2400
880.7459116730104
459.1553372989306
2401
880.7459116730104
444.69557026184395
2402
880.7459116730104
432.3014842300554
2403
880.7459116730104
417.8417171929689
2404
880.7459116730104
403.38195015588224
2405
880.7459116730104
388.9221831187956
2406
880.7459116730104
378.5937780923051
2407
880.7459116730104
366.19969206051655
2408
880.7459116730104
351.7399250234299
2409
882.8115926783084
341.41151999693955
2410
878.6802306677121
322.82039094925665
2411
880.7459116730104
312.4919859227663
2412
880.7459116730104
300.0978998909777
2413
880.7459116730104
283.572451848593
2414
880.7459116730104
269.11268481150637
0