2380
715.491431249163
1060.2685098406746
2381
721.6884742650575
1031.3489757665016
2382
729.9511982862498
1008.6264847082225
2383
738.2139223074421
981.7726316393473
2384
746.4766463286344
954.9187785704721
2385
756.805051355125
932.1962875121931
2386
763.0020943710192
905.342434443318
2387
771.2648183922115
882.619943385039
2388
783.6589044240002
857.8317713214619
2389
791.9216284451925
828.9122372472887
2390
800.1843524663848
806.1897461890096
2391
808.4470764875771
783.4672551307307
2392
818.7754815140677
758.6790830671537
2393
827.03820553526
733.8909110035765
2394
835.3009295564523
711.1684199452975
2395
841.4979725723465
688.4459288870186
2396
851.8263775988371
665.7234378287395
2397
858.0234206147313
643.0009467704606
2398
864.2204636306255
620.2784557121817
2399
870.4175066465198
603.7530076697968
2400
874.5488686571159
578.9648356062198
2401
876.614549662414
562.4393875638351
2402
884.8772736836065
537.651215500258
2403
886.9429546889046
519.0600864525752
2404
891.0743166995007
502.5346384101905
2405
893.1399977047988
481.87782835720964
2406
895.2056787100969
461.22101830422866
2407
895.2056787100969
444.69557026184395
2408
897.271359715395
430.2358032247573
2409
897.271359715395
413.7103551823726
2410
901.4027217259911
397.1849071399879
2411
901.4027217259911
384.79082110819934
2412
901.4027217259911
368.26537306581463
2413
901.4027217259911
355.8712870340262
2414
901.4027217259911
341.41151999693955
2415
901.4027217259911
331.08311497044906
2416
903.4684027312892
318.6890289386605
2417
905.5340837365873
308.36062391217
2418
905.5340837365873
293.9008568750835
2419
907.5997647418853
281.50677084329493
2420
905.5340837365873
271.17836581680444
0