2405
1556.2236004054853
531.4541724843638
2406
1525.238385326014
527.3228104737676
2407
1494.2531702465426
523.1914484631714
2408
1463.2679551670712
516.9944054472771
2409
1438.4797831034941
514.928724441979
2410
1409.560249029321
512.863043436681
2411
1384.772076965744
506.66600042078665
2412
1364.115266912763
504.60031941548857
2413
1341.392775854484
500.4689574048924
2414
1320.7359658015032
496.3375953942963
2415
1300.0791557485222
490.14055237840194
2416
1277.3566646902434
486.0091903678058
2417
1258.7655356425605
481.87782835720964
2418
1242.2400876001757
475.6807853413153
2419
1225.714639557791
473.6151043360172
2420
1209.1891915154063
469.4837423254211
2421
1192.6637434730217
467.418061320123
2422
1178.203976435935
459.1553372989306
2423
1163.7442093988484
457.0896562936325
2424
1149.2844423617619
452.95829428303637
2425
1134.8246753246751
450.8926132777383
2426
1122.4305892928867
448.8269322724402
2427
1112.102184266396
442.6298892565459
2428
1095.5767362240115
436.43284624065166
2429
1083.182650192223
434.3671652353536
2430
1068.7228831551363
424.0387602088631
2431
1052.1974351127517
417.8417171929689
2432
1039.803349080963
413.7103551823726
2433
1023.2779010385784
405.4476311611803
2434
1006.7524529961936
399.250588145286
2435
990.227004953809
390.9878641240937
2436
975.7672379167223
380.6594590976032
2437
959.2417898743377
374.46241608170897
2438
948.9133848478473
360.00264904462233
2439
940.6506608266548
349.67424401813184
2440
934.4536178107605
337.2801579863433
2441
928.2565747948663
326.9517529598529
2442
924.1252127842702
316.6233479333624
2443
919.993850773674
306.29494290687194
2444
915.8624887630779
295.96653788038157
2445
913.7968077577796
281.50677084329493
2446
909.6654457471834
267.0470038062083
2