2410
1589.2744964902547
533.5198534896618
2411
1556.2236004054853
531.4541724843638
2412
1521.1070233154178
527.3228104737676
2413
1490.1218082359464
521.1257674578733
2414
1459.136593156475
516.9944054472771
2415
1434.348421092898
514.928724441979
2416
1411.6259300346192
508.7316814260847
2417
1388.90343897634
506.66600042078665
2418
1370.3123099286572
500.4689574048924
2419
1351.7211808809745
494.2719143889981
2420
1333.1300518332916
490.14055237840194
2421
1316.604603790907
483.9435093625077
2422
1300.0791557485222
477.7464663466134
2423
1283.5537077061376
473.6151043360172
2424
1269.0939406690509
467.418061320123
2425
1254.6341736319644
463.28669930952674
2426
1242.2400876001757
459.1553372989306
2427
1227.7803205630892
457.0896562936325
2428
1215.3862345313007
452.95829428303637
2429
1202.992148499512
448.8269322724402
2430
1186.4667004571274
444.69557026184395
2431
1172.0069334200407
440.5642082512478
2432
1153.415804372358
436.43284624065166
2433
1134.8246753246751
434.3671652353536
2434
1114.1678652716944
432.3014842300554
2435
1095.5767362240115
428.17012221945924
2436
1072.8542451657324
419.90739819826695
2437
1048.0660731021555
417.8417171929689
2438
1025.3435820438765
411.64467417707453
2439
1004.6867719908955
403.38195015588224
2440
986.0956429432129
393.05354512939175
2441
973.7015569114242
382.72514010290126
2442
957.1761088690396
374.46241608170897
2443
944.7820228372509
364.1340110552185
2444
934.4536178107605
355.8712870340262
2445
924.1252127842702
341.41151999693955
2446
919.993850773674
329.017433965151
2447
913.7968077577796
318.6890289386605
2448
911.7311267524815
308.36062391217
2449
907.5997647418853
295.96653788038157
2450
905.5340837365873
283.572451848593
2451
905.5340837365873
273.2440468221025
2452
901.4027217259911
260.84996079031396
2