2418
777.4618614081057
285.6381328538911
2419
773.3304993975096
306.29494290687194
2420
773.3304993975096
331.08311497044906
2421
773.3304993975096
351.7399250234299
2422
773.3304993975096
374.46241608170897
2423
773.3304993975096
399.250588145286
2424
769.1991373869134
421.973079203565
2425
767.1334563816154
448.8269322724402
2426
765.0677753763173
469.4837423254211
2427
763.0020943710192
492.2062333837
2428
763.0020943710192
519.0600864525752
2429
760.9364133657211
539.7168965055561
2430
763.0020943710192
564.5050685691332
2431
763.0020943710192
593.4246026433065
2432
765.0677753763173
614.0814126962873
2433
767.1334563816154
640.9352657651625
2434
769.1991373869134
665.7234378287395
2435
771.2648183922115
688.4459288870186
2436
773.3304993975096
715.2997819558938
2437
775.3961804028077
738.0222730141727
2438
777.4618614081057
764.8761260830479
2439
777.4618614081057
789.664298146625
2440
781.5932234187019
810.3211081996059
2441
779.5275424134038
837.174961268481
2442
777.4618614081057
855.7660903161639
2443
779.5275424134038
880.554262379741
2444
777.4618614081057
905.342434443318
2445
777.4618614081057
919.8022014804046
2446
779.5275424134038
944.5903735439817
2447
779.5275424134038
967.3128646022607
2448
777.4618614081057
983.8383126446454
2449
779.5275424134038
1004.4951226976262
2450
777.4618614081057
1027.2176137559052
2451
771.2648183922115
1045.808742803588
2452
769.1991373869134
1064.3998718512707
0