2425
777.4618614081057
283.572451848593
2426
775.3961804028077
304.22926190157386
2427
771.2648183922115
324.88607195455484
2428
767.1334563816154
345.5428820075357
2429
765.0677753763173
364.1340110552185
2430
760.9364133657211
386.8565021134975
2431
756.805051355125
411.64467417707453
2432
752.6736893445288
430.2358032247573
2433
746.4766463286344
455.02397528833444
2434
740.2796033127402
475.6807853413153
2435
734.0825602968459
498.40327639959435
2436
723.7541552703556
525.2571294684694
2437
715.491431249163
545.9139395214504
2438
705.1630262226727
566.5707495744313
2439
694.8346211961823
589.2932406327103
2440
680.3748541590955
607.8843696803931
2441
670.0464491326052
626.4754987280759
2442
657.6523631008167
645.0666277757587
2443
643.19259606373
659.5263948128453
2444
632.8641910372396
673.9861618499319
2445
614.2730619895567
688.4459288870186
2446
597.7476139471721
700.8400149188071
2447
579.1564848994892
713.2341009505957
2448
564.6967178624027
725.6281869823842
2449
546.1055888147198
731.8252299982785
2450
527.5144597670371
748.3506780406632
2451
510.98901172465236
756.6134020618556
2452
496.5292446875657
769.007488093644
2453
469.6753916186905
781.4015741254326
2454
438.6901765392192
793.7956601572212
2455
409.7706424650459
804.1240651837115
2456
372.58838436968034
812.386789204904
2457
335.4061262743148
818.5838322207983
2458
296.15818717365113
822.7151942313944
2459
254.8445670676893
830.9779182525867
2460
211.4652659564294
835.1092802631829
2461
170.15164585046767
837.174961268481
2462
124.70666373390969
837.174961268481
2463
75.13031960675556
837.174961268481
2