270
788.0423965006678
316.1400216772797
271
783.8617783111076
345.4043490042002
272
779.6811601215477
366.30743995200044
273
779.6811601215477
393.48145818414093
274
773.4102328372076
412.2942400371612
275
773.4102328372076
439.4682582693016
276
769.2296146476474
464.551967406662
277
765.0489964580875
489.63567654402243
278
765.0489964580875
516.8096947761628
279
762.9586873633073
543.9837130083033
280
762.9586873633073
575.3383494300037
281
765.0489964580875
600.4220585673642
282
762.9586873633073
631.7766949890647
283
762.9586873633073
665.2216405055452
284
765.0489964580875
694.4859678324657
285
767.1393055528674
725.8406042541662
286
767.1393055528674
763.4661679602068
287
765.0489964580875
799.0014225714674
288
767.1393055528674
830.3560589931678
289
769.2296146476474
867.9816226992084
290
769.2296146476474
905.607186405249
291
769.2296146476474
943.2327501112895
292
771.3199237424276
980.8583138173302
293
771.3199237424276
1020.5741866181509
294
767.1393055528674
1060.2900594189714
0