2427
1564.4863244266778
531.4541724843638
2428
1519.0413423101197
525.2571294684694
2429
1477.727722204158
521.1257674578733
2430
1438.4797831034941
512.863043436681
2431
1401.2975250081286
508.7316814260847
2432
1372.3779909339553
504.60031941548857
2433
1341.392775854484
494.2719143889981
2434
1310.4075607750126
488.07487137310386
2435
1281.4880267008396
479.81214735191156
2436
1252.5684926266663
473.6151043360172
2437
1225.714639557791
467.418061320123
2438
1196.7951054836178
461.22101830422866
2439
1176.1382954306368
457.0896562936325
2440
1149.2844423617619
452.95829428303637
2441
1122.4305892928867
448.8269322724402
2442
1097.6424172293096
442.6298892565459
2443
1074.9199261710305
436.43284624065166
2444
1050.1317541074536
426.10444121416117
2445
1027.4092630491746
419.90739819826695
2446
1002.6210909855974
409.57899317177646
2447
979.8985999273184
397.1849071399879
2448
963.3731518849338
390.9878641240937
2449
946.8477038425492
378.5937780923051
2450
930.3222558001644
366.19969206051655
2451
917.9281697683759
355.8712870340262
2452
905.5340837365873
341.41151999693955
2453
899.337040720693
326.9517529598529
2454
895.2056787100969
312.4919859227663
2455
895.2056787100969
298.03221888567964
2456
895.2056787100969
285.6381328538911
2457
895.2056787100969
267.0470038062083
2