2442
769.1991373869134
281.50677084329493
2443
769.1991373869134
300.0978998909777
2444
769.1991373869134
324.88607195455484
2445
769.1991373869134
345.5428820075357
2446
769.1991373869134
366.19969206051655
2447
769.1991373869134
395.1192261346898
2448
769.1991373869134
415.7760361876707
2449
769.1991373869134
442.6298892565459
2450
769.1991373869134
471.54942333071915
2451
769.1991373869134
496.3375953942963
2452
769.1991373869134
523.1914484631714
2453
771.2648183922115
545.9139395214504
2454
771.2648183922115
572.7677925903256
2455
773.3304993975096
597.5559646539026
2456
775.3961804028077
616.1470937015854
2457
781.5932234187019
643.0009467704606
2458
783.6589044240002
665.7234378287395
2459
787.7902664345963
682.2488858711243
2460
787.7902664345963
704.9713769294033
2461
787.7902664345963
723.5625059770861
2462
783.6589044240002
742.1536350247688
2463
781.5932234187019
760.7447640724517
2464
777.4618614081057
779.3358931201345
2465
773.3304993975096
793.7956601572212
2466
773.3304993975096
812.386789204904
2467
773.3304993975096
833.0435992578848
2468
773.3304993975096
849.5690473002696
2469
773.3304993975096
866.0944953426542
2470
771.2648183922115
882.619943385039
2471
767.1334563816154
903.2767534380199
2472
763.0020943710192
917.7365204751065
2473
754.7393703498269
932.1962875121931
2474
748.5423273339327
948.7217355545779
2475
740.2796033127402
967.3128646022607
2476
734.0825602968459
983.8383126446454
2477
732.0168792915479
1000.3637606870301
2478
732.0168792915479
1014.8235277241167
2479
732.0168792915479
1037.5460187823958
2480
734.0825602968459
1052.0057858194823
2481
736.148241302144
1072.6625958724633
0