2449
800.1843524663848
275.3097278274006
2450
800.1843524663848
285.6381328538911
2451
798.1186714610867
300.0978998909777
2452
796.0529904557886
312.4919859227663
2453
796.0529904557886
324.88607195455484
2454
796.0529904557886
337.2801579863433
2455
796.0529904557886
349.67424401813184
2456
793.9873094504906
364.1340110552185
2457
791.9216284451925
374.46241608170897
2458
791.9216284451925
388.9221831187956
2459
791.9216284451925
403.38195015588224
2460
791.9216284451925
413.7103551823726
2461
791.9216284451925
428.17012221945924
2462
793.9873094504906
442.6298892565459
2463
793.9873094504906
455.02397528833444
2464
796.0529904557886
467.418061320123
2465
793.9873094504906
481.87782835720964
2466
796.0529904557886
494.2719143889981
2467
798.1186714610867
506.66600042078665
2468
804.3157144769809
519.0600864525752
2469
810.5127574928752
533.5198534896618
2470
814.6441195034715
541.7825775108543
2471
814.6441195034715
556.2423445479408
2472
814.6441195034715
570.7021115850274
2473
818.7754815140677
585.161878622114
2474
822.9068435246638
599.6216456592007
2475
827.03820553526
612.0157316909892
2476
829.103886540558
626.4754987280759
2477
833.2352485511542
643.0009467704606
2478
839.4322915670484
659.5263948128453
2479
845.6293345829426
671.9204808446339
2480
847.6950155882407
688.4459288870186
2481
851.8263775988371
704.9713769294033
2482
853.8920586041352
719.4311439664899
2483
853.8920586041352
735.9565920088746
2484
851.8263775988371
750.4163590459613
2485
851.8263775988371
766.941807088346
2486
853.8920586041352
783.4672551307307
2487
855.9577396094332
795.8613411625192
2488
860.0891016200294
812.386789204904
2489
862.1547826253275
822.7151942313944
2490
866.2861446359236
839.240642273779
2491
872.4831876518178
853.7004093108658
2492
880.7459116730104
861.9631333320581
2493
889.0086356942027
876.4229003691447
2494
897.271359715395
884.6856243903371
2495
899.337040720693
897.0797104221256
2496
899.337040720693
907.4081154486161
2497
899.337040720693
917.7365204751065
2498
897.271359715395
932.1962875121931
2499
901.4027217259911
942.5246925386837
2500
907.5997647418853
950.787416559876
2501
913.7968077577796
961.1158215863663
2502
919.993850773674
979.7069506340492
2503
928.2565747948663
994.1667176711358
2504
936.5192988160586
1016.8892087294148
2505
944.7820228372509
1035.4803377770977
2506
957.1761088690396
1052.0057858194823
2507
965.4388328902319
1074.7282768777613
0