2450
744.4109653233363
279.44108983799686
2451
742.3452843180382
293.9008568750835
2452
738.2139223074421
314.55766692806435
2453
734.0825602968459
333.14879597574713
2454
732.0168792915479
349.67424401813184
2455
729.9511982862498
370.3310540711127
2456
725.8198362756536
390.9878641240937
2457
725.8198362756536
411.64467417707453
2458
723.7541552703556
430.2358032247573
2459
723.7541552703556
452.95829428303637
2460
725.8198362756536
475.6807853413153
2461
725.8198362756536
492.2062333837
2462
725.8198362756536
519.0600864525752
2463
723.7541552703556
537.651215500258
2464
723.7541552703556
560.373706558537
2465
723.7541552703556
589.2932406327103
2466
723.7541552703556
609.9500506856912
2467
723.7541552703556
636.8039037545664
2468
725.8198362756536
663.6577568234414
2469
729.9511982862498
686.3802478817205
2470
732.0168792915479
717.3654629611918
2471
734.0825602968459
738.0222730141727
2472
732.0168792915479
771.0731690989421
2473
729.9511982862498
791.7299791519231
2474
725.8198362756536
820.6495132260964
2475
721.6884742650575
845.4376852896734
2476
717.5571122544613
866.0944953426542
2477
711.3600692385669
890.8826674062313
2478
707.2287072279707
915.6708394698085
2479
703.0973452173746
932.1962875121931
2480
698.9659832067784
956.9844595757702
2481
696.9003022014804
977.6412696287512
2482
694.8346211961823
998.298079681732
2483
690.7032591855861
1018.9548897347129
2484
688.6375781802881
1037.5460187823958
2485
684.5062161696919
1054.0714668247804
2486
684.5062161696919
1070.5969148671652
0