2453
723.7541552703556
283.572451848593
2454
721.6884742650575
293.9008568750835
2455
717.5571122544613
304.22926190157386
2456
719.6227932597594
314.55766692806435
2457
717.5571122544613
322.82039094925665
2458
715.491431249163
335.2144769810452
2459
715.491431249163
345.5428820075357
2460
715.491431249163
357.93696803932426
2461
713.425750243865
370.3310540711127
2462
715.491431249163
382.72514010290126
2463
713.425750243865
395.1192261346898
2464
711.3600692385669
409.57899317177646
2465
707.2287072279707
419.90739819826695
2466
703.0973452173746
432.3014842300554
2467
698.9659832067784
444.69557026184395
2468
698.9659832067784
457.0896562936325
2469
696.9003022014804
471.54942333071915
2470
696.9003022014804
481.87782835720964
2471
698.9659832067784
494.2719143889981
2472
698.9659832067784
508.7316814260847
2473
701.0316642120765
521.1257674578733
2474
703.0973452173746
533.5198534896618
2475
703.0973452173746
545.9139395214504
2476
705.1630262226727
556.2423445479408
2477
707.2287072279707
570.7021115850274
2478
711.3600692385669
581.0305166115179
2479
715.491431249163
597.5559646539026
2480
717.5571122544613
607.8843696803931
2481
717.5571122544613
620.2784557121817
2482
719.6227932597594
634.7382227492682
2483
719.6227932597594
651.263670791653
2484
721.6884742650575
665.7234378287395
2485
723.7541552703556
680.1832048658262
2486
723.7541552703556
694.6429719029128
2487
723.7541552703556
711.1684199452975
2488
723.7541552703556
727.6938679876823
2489
721.6884742650575
742.1536350247688
2490
721.6884742650575
758.6790830671537
2491
721.6884742650575
777.2702121148363
2492
721.6884742650575
793.7956601572212
2493
721.6884742650575
812.386789204904
2494
719.6227932597594
830.9779182525867
2495
719.6227932597594
851.6347283055677
2496
717.5571122544613
868.1601763479523
2497
713.425750243865
890.8826674062313
2498
711.3600692385669
909.4737964539141
2499
711.3600692385669
928.0649255015969
2500
711.3600692385669
950.787416559876
2501
711.3600692385669
971.4442266128568
2502
715.491431249163
990.0353556605396
2503
715.491431249163
1010.6921657135206
2504
715.491431249163
1031.3489757665016
2505
715.491431249163
1049.9401048141842
2506
715.491431249163
1068.5312338618671
0