2468
1012.949496012088
1072.6625958724633
2469
1012.949496012088
1045.808742803588
2470
1015.0151770173861
1021.020570740011
2471
1019.1465390279823
998.298079681732
2472
1023.2779010385784
977.6412696287512
2473
1025.3435820438765
956.9844595757702
2474
1029.4749440544726
940.4590115333855
2475
1027.4092630491746
919.8022014804046
2476
1027.4092630491746
899.1453914274236
2477
1027.4092630491746
880.554262379741
2478
1027.4092630491746
864.0288143373562
2479
1027.4092630491746
841.3063232790772
2480
1027.4092630491746
820.6495132260964
2481
1023.2779010385784
802.0583841784135
2482
1015.0151770173861
783.4672551307307
2483
1004.6867719908955
766.941807088346
2484
990.227004953809
746.284997035365
2485
973.7015569114242
727.6938679876823
2486
961.3074708796357
709.1027389399994
2487
946.8477038425492
696.7086529082109
2488
938.5849798213567
680.1832048658262
2489
924.1252127842702
663.6577568234414
2490
919.993850773674
643.0009467704606
2491
913.7968077577796
628.541179733374
2492
909.6654457471834
612.0157316909892
2493
909.6654457471834
595.4902836486045
2494
907.5997647418853
576.8991546009217
2495
909.6654457471834
564.5050685691332
2496
909.6654457471834
547.9796205267485
2497
911.7311267524815
527.3228104737676
2498
909.6654457471834
512.863043436681
2499
911.7311267524815
496.3375953942963
2500
911.7311267524815
481.87782835720964
2501
911.7311267524815
469.4837423254211
2502
909.6654457471834
452.95829428303637
2503
911.7311267524815
440.5642082512478
2504
909.6654457471834
426.10444121416117
2505
907.5997647418853
409.57899317177646
2506
907.5997647418853
393.05354512939175
2507
905.5340837365873
378.5937780923051
2508
905.5340837365873
366.19969206051655
2509
903.4684027312892
353.805606028728
2510
905.5340837365873
339.34583899164136
2511
903.4684027312892
324.88607195455484
2512
903.4684027312892
316.6233479333624
2513
903.4684027312892
304.22926190157386
2514
901.4027217259911
291.8351758697853
2515
897.271359715395
277.3754088326988
2516
897.271359715395
264.9813228009102
0