2482
793.9873094504906
283.572451848593
2483
793.9873094504906
295.96653788038157
2484
796.0529904557886
312.4919859227663
2485
796.0529904557886
331.08311497044906
2486
796.0529904557886
347.60856301283377
2487
793.9873094504906
362.0683300499204
2488
789.8559474398944
376.52809708700704
2489
785.7245854292983
393.05354512939175
2490
781.5932234187019
411.64467417707453
2491
775.3961804028077
424.0387602088631
2492
771.2648183922115
440.5642082512478
2493
767.1334563816154
457.0896562936325
2494
763.0020943710192
475.6807853413153
2495
760.9364133657211
488.07487137310386
2496
754.7393703498269
504.60031941548857
2497
752.6736893445288
523.1914484631714
2498
750.6080083392308
537.651215500258
2499
750.6080083392308
554.1766635426427
2500
750.6080083392308
574.8334735956237
2501
754.7393703498269
591.3589216380084
2502
756.805051355125
607.8843696803931
2503
760.9364133657211
624.4098177227778
2504
763.0020943710192
645.0666277757587
2505
765.0677753763173
661.5920758181434
2506
765.0677753763173
678.1175238605281
2507
763.0020943710192
694.6429719029128
2508
758.8707323604231
715.2997819558938
2509
756.805051355125
729.7595489929804
2510
760.9364133657211
748.3506780406632
2511
765.0677753763173
766.941807088346
2512
765.0677753763173
785.5329361360288
2513
767.1334563816154
802.0583841784135
2514
769.1991373869134
820.6495132260964
2515
771.2648183922115
841.3063232790772
2516
775.3961804028077
859.89745232676
2517
779.5275424134038
878.4885813744428
2518
781.5932234187019
899.1453914274236
2519
781.5932234187019
919.8022014804046
2520
781.5932234187019
938.3933305280874
2521
777.4618614081057
961.1158215863663
2522
773.3304993975096
983.8383126446454
2523
773.3304993975096
1002.4294416923282
2524
771.2648183922115
1031.3489757665016
2525
771.2648183922115
1052.0057858194823
2526
773.3304993975096
1074.7282768777613
0