2501
1574.814729453168
543.8482585161523
2502
1519.0413423101197
539.7168965055561
2503
1467.3993171776674
531.4541724843638
2504
1417.8229730505134
531.4541724843638
2505
1368.2466289233591
525.2571294684694
2506
1322.8016468068013
521.1257674578733
2507
1279.4223456955415
516.9944054472771
2508
1236.0430445842815
510.7973624313829
2509
1196.7951054836178
504.60031941548857
2510
1161.6785283935503
494.2719143889981
2511
1126.5619513034828
486.0091903678058
2512
1089.3796932081173
477.7464663466134
2513
1060.460159133944
467.418061320123
2514
1033.6063060650688
452.95829428303637
2515
1010.8838150067897
442.6298892565459
2516
994.3583669644051
428.17012221945924
2517
977.8329189220203
411.64467417707453
2518
967.50451389553
395.1192261346898
2519
959.2417898743377
380.6594590976032
2520
948.9133848478473
364.1340110552185
2521
936.5192988160586
347.60856301283377
2522
928.2565747948663
329.017433965151
2523
922.0595317789721
314.55766692806435
2524
917.9281697683759
293.9008568750835
2525
913.7968077577796
275.3097278274006
2526
909.6654457471834
260.84996079031396
2