2492
967.50451389553
1066.465552856569
2493
967.50451389553
1037.5460187823958
2494
969.570194900828
1014.8235277241167
2495
969.570194900828
994.1667176711358
2496
971.6358759061261
977.6412696287512
2497
969.570194900828
959.0501405810683
2498
965.4388328902319
940.4590115333855
2499
961.3074708796357
925.9992444962988
2500
957.1761088690396
907.4081154486161
2501
948.9133848478473
888.8169864009333
2502
934.4536178107605
874.3572193638466
2503
922.0595317789721
853.7004093108658
2504
903.4684027312892
839.240642273779
2505
889.0086356942027
822.7151942313944
2506
872.4831876518178
808.2554271943077
2507
862.1547826253275
783.4672551307307
2508
853.8920586041352
762.8104450777498
2509
849.760696593539
742.1536350247688
2510
849.760696593539
719.4311439664899
2511
853.8920586041352
696.7086529082109
2512
862.1547826253275
676.05184285523
2513
872.4831876518178
655.3950328022491
2514
882.8115926783084
636.8039037545664
2515
893.1399977047988
618.2127747068835
2516
897.271359715395
595.4902836486045
2517
897.271359715395
574.8334735956237
2518
895.2056787100969
554.1766635426427
2519
891.0743166995007
533.5198534896618
2520
889.0086356942027
514.928724441979
2521
886.9429546889046
496.3375953942963
2522
886.9429546889046
477.7464663466134
2523
889.0086356942027
461.22101830422866
2524
893.1399977047988
440.5642082512478
2525
899.337040720693
424.0387602088631
2526
905.5340837365873
405.4476311611803
2527
907.5997647418853
388.9221831187956
2528
907.5997647418853
372.3967350764109
2529
907.5997647418853
355.8712870340262
2530
905.5340837365873
335.2144769810452
2531
903.4684027312892
320.7547099439586
2532
903.4684027312892
308.36062391217
2533
903.4684027312892
291.8351758697853
2534
903.4684027312892
275.3097278274006
2535
903.4684027312892
260.84996079031396
0