2511
760.9364133657211
291.8351758697853
2512
756.805051355125
310.4263049174682
2513
754.7393703498269
333.14879597574713
2514
754.7393703498269
351.7399250234299
2515
752.6736893445288
372.3967350764109
2516
758.8707323604231
397.1849071399879
2517
765.0677753763173
413.7103551823726
2518
771.2648183922115
434.3671652353536
2519
775.3961804028077
459.1553372989306
2520
781.5932234187019
475.6807853413153
2521
791.9216284451925
494.2719143889981
2522
806.381395482279
510.7973624313829
2523
822.9068435246638
529.3884914790657
2524
837.3666105617503
545.9139395214504
2525
858.0234206147313
566.5707495744313
2526
876.614549662414
589.2932406327103
2527
897.271359715395
609.9500506856912
2528
930.3222558001644
630.606860738672
2529
977.8329189220203
647.1323087810567
2530
1027.4092630491746
661.5920758181434
2531
1072.8542451657324
669.8547998393358
2532
1126.5619513034828
676.05184285523
2533
1184.4010194518294
673.9861618499319
2534
1246.371449610772
671.9204808446339
2535
1312.473241780311
661.5920758181434
2536
1368.2466289233591
661.5920758181434
2537
1426.0856970717057
653.3293517969511
2538
1488.0561272306484
647.1323087810567
2539
1545.895195378995
643.0009467704606
1