387
756.6877600789674
305.68847620337954
388
756.6877600789674
324.5012580563998
389
754.5974509841872
345.4043490042002
390
748.326523699847
364.21713085722047
391
746.2362146050671
385.1202218050207
392
744.1459055102871
401.84269456326103
393
739.9652873207269
424.83609460584137
394
739.9652873207269
445.73918555364173
395
737.874978225947
468.73258559622207
396
731.6040509416068
491.7259856388025
397
731.6040509416068
510.5387674918228
398
727.4234327520469
535.6224766291832
399
727.4234327520469
558.6158766717635
400
723.2428145624867
581.6092767143439
401
721.1525054677068
602.5123676621442
402
723.2428145624867
625.5057677047246
403
725.3331236572667
646.4088586525249
404
729.5137418468269
669.4022586951053
405
731.6040509416068
690.3053496429056
406
737.874978225947
715.389058780266
407
742.0555964155071
734.2018406332863
408
744.1459055102871
761.3758588654267
409
742.0555964155071
784.3692589080072
410
742.0555964155071
807.3626589505875
411
744.1459055102871
834.5366771827279
412
744.1459055102871
859.6203863200883
413
746.2362146050671
882.6137863626686
414
742.0555964155071
913.9684227843691
415
739.9652873207269
941.1424410165096
416
737.874978225947
964.1358410590899
417
735.784669131167
993.4001683860104
418
731.6040509416068
1022.6644957129308
419
725.3331236572667
1056.1094412294115
0