2518
806.381395482279
277.3754088326988
2519
804.3157144769809
291.8351758697853
2520
806.381395482279
308.36062391217
2521
804.3157144769809
326.9517529598529
2522
804.3157144769809
341.41151999693955
2523
804.3157144769809
355.8712870340262
2524
804.3157144769809
376.52809708700704
2525
804.3157144769809
393.05354512939175
2526
804.3157144769809
411.64467417707453
2527
800.1843524663848
424.0387602088631
2528
802.2500334716829
440.5642082512478
2529
804.3157144769809
461.22101830422866
2530
806.381395482279
475.6807853413153
2531
810.5127574928752
492.2062333837
2532
814.6441195034715
510.7973624313829
2533
818.7754815140677
529.3884914790657
2534
822.9068435246638
543.8482585161523
2535
829.103886540558
564.5050685691332
2536
835.3009295564523
585.161878622114
2537
841.4979725723465
601.6873266644988
2538
845.6293345829426
620.2784557121817
2539
847.6950155882407
643.0009467704606
2540
849.760696593539
665.7234378287395
2541
851.8263775988371
686.3802478817205
2542
853.8920586041352
711.1684199452975
2543
853.8920586041352
731.8252299982785
2544
853.8920586041352
752.4820400512593
2545
855.9577396094332
773.1388501042402
2546
853.8920586041352
791.7299791519231
2547
853.8920586041352
806.1897461890096
2548
849.760696593539
822.7151942313944
2549
843.5636535776446
841.3063232790772
2550
841.4979725723465
857.8317713214619
2551
841.4979725723465
876.4229003691447
2552
841.4979725723465
897.0797104221256
2553
841.4979725723465
915.6708394698085
2554
843.5636535776446
932.1962875121931
2555
843.5636535776446
952.853097565174
2556
845.6293345829426
969.3785456075587
2557
849.760696593539
985.9039936499435
2558
853.8920586041352
998.298079681732
2559
860.0891016200294
1016.8892087294148
2560
868.3518256412217
1031.3489757665016
2561
874.5488686571159
1045.808742803588
2562
880.7459116730104
1062.334190845973
0