2519
1564.4863244266778
510.7973624313829
2520
1533.5011093472062
506.66600042078665
2521
1500.4502132624368
502.5346384101905
2522
1469.4649981829655
498.40327639959435
2523
1438.4797831034941
492.2062333837
2524
1409.560249029321
486.0091903678058
2525
1380.6407149551478
481.87782835720964
2526
1351.7211808809745
475.6807853413153
2527
1320.7359658015032
467.418061320123
2528
1293.882112732628
463.28669930952674
2529
1260.8312166478586
457.0896562936325
2530
1231.9116825736853
455.02397528833444
2531
1205.0578295048101
450.8926132777383
2532
1174.0726144253388
444.69557026184395
2533
1145.1530803511657
440.5642082512478
2534
1118.2992272822905
438.49852724594973
2535
1093.5110552187134
438.49852724594973
2536
1066.6572021498382
432.3014842300554
2537
1043.9347110915592
424.0387602088631
2538
1021.2122200332803
415.7760361876707
2539
1002.6210909855974
409.57899317177646
2540
981.9642809326167
397.1849071399879
2541
967.50451389553
386.8565021134975
2542
953.0447468584434
376.52809708700704
2543
942.7163418319528
362.0683300499204
2544
932.3879368054625
351.7399250234299
2545
919.993850773674
337.2801579863433
2546
911.7311267524815
324.88607195455484
2547
903.4684027312892
312.4919859227663
2548
899.337040720693
298.03221888567964
2549
897.271359715395
283.572451848593
2550
893.1399977047988
269.11268481150637
2551
893.1399977047988
256.7185987797178
2