2523
777.4618614081057
279.44108983799686
2524
771.2648183922115
298.03221888567964
2525
763.0020943710192
318.6890289386605
2526
758.8707323604231
343.4772010022376
2527
752.6736893445288
362.0683300499204
2528
746.4766463286344
386.8565021134975
2529
740.2796033127402
411.64467417707453
2530
736.148241302144
430.2358032247573
2531
729.9511982862498
459.1553372989306
2532
721.6884742650575
479.81214735191156
2533
715.491431249163
504.60031941548857
2534
703.0973452173746
529.3884914790657
2535
696.9003022014804
550.0453015320466
2536
682.4405351643939
574.8334735956237
2537
672.1121301379033
599.6216456592007
2538
661.7837251114129
618.2127747068835
2539
649.3896390796242
645.0666277757587
2540
632.8641910372396
665.7234378287395
2541
616.338742994855
682.2488858711243
2542
593.616251936576
700.8400149188071
2543
568.8280798729988
721.496824971788
2544
537.8428647935275
733.8909110035765
2545
510.98901172465236
748.3506780406632
2546
480.003796645181
758.6790830671537
2547
444.8872195551135
764.8761260830479
2548
409.7706424650459
769.007488093644
2549
378.7854273855747
764.8761260830479
2550
345.73453130080526
758.6790830671537
2551
310.61795421073765
756.6134020618556
2552
273.4356961153721
756.6134020618556
2553
227.99071399881421
762.8104450777498
2554
184.6114128875543
771.0731690989421
2555
141.2321117762944
781.4015741254326
2556
91.65576764914027
787.5986171413269
2557
44.14510452728422
791.7299791519231
2