2528
746.4766463286344
283.572451848593
2529
744.4109653233363
295.96653788038157
2530
744.4109653233363
308.36062391217
2531
746.4766463286344
320.7547099439586
2532
746.4766463286344
333.14879597574713
2533
746.4766463286344
347.60856301283377
2534
746.4766463286344
360.00264904462233
2535
748.5423273339327
370.3310540711127
2536
750.6080083392308
384.79082110819934
2537
750.6080083392308
397.1849071399879
2538
754.7393703498269
407.5133121664784
2539
758.8707323604231
419.90739819826695
2540
758.8707323604231
432.3014842300554
2541
760.9364133657211
446.76125126714203
2542
767.1334563816154
457.0896562936325
2543
771.2648183922115
471.54942333071915
2544
779.5275424134038
481.87782835720964
2545
789.8559474398944
494.2719143889981
2546
800.1843524663848
508.7316814260847
2547
814.6441195034715
521.1257674578733
2548
831.1695675458561
533.5198534896618
2549
849.760696593539
539.7168965055561
2550
866.2861446359236
547.9796205267485
2551
889.0086356942027
558.308025553239
2552
911.7311267524815
564.5050685691332
2553
932.3879368054625
568.6364305797293
2554
961.3074708796357
574.8334735956237
2555
988.1613239485109
576.8991546009217
2556
1017.0808580226842
578.9648356062198
2557
1046.0003920968572
583.096197616816
2558
1072.8542451657324
587.2275596274121
2559
1103.8394602452038
591.3589216380084
2560
1134.8246753246751
591.3589216380084
2561
1165.8098904041465
591.3589216380084
2562
1198.860786488916
595.4902836486045
2563
1233.9773635789834
599.6216456592007
2564
1267.0282596637528
601.6873266644988
2565
1300.0791557485222
605.818688675095
2566
1333.1300518332916
605.818688675095
2567
1370.3123099286572
609.9500506856912
2568
1405.4288870187247
614.0814126962873
2569
1442.6111451140903
618.2127747068835
2570
1481.8590842147541
620.2784557121817
2571
1516.9756613048216
624.4098177227778
2572
1558.2892814107834
626.4754987280759
1