2543
756.805051355125
293.9008568750835
2544
752.6736893445288
318.6890289386605
2545
752.6736893445288
337.2801579863433
2546
750.6080083392308
355.8712870340262
2547
750.6080083392308
374.46241608170897
2548
750.6080083392308
395.1192261346898
2549
752.6736893445288
415.7760361876707
2550
754.7393703498269
436.43284624065166
2551
758.8707323604231
457.0896562936325
2552
760.9364133657211
475.6807853413153
2553
771.2648183922115
494.2719143889981
2554
781.5932234187019
514.928724441979
2555
793.9873094504906
531.4541724843638
2556
810.5127574928752
547.9796205267485
2557
829.103886540558
562.4393875638351
2558
853.8920586041352
572.7677925903256
2559
878.6802306677121
583.096197616816
2560
905.5340837365873
591.3589216380084
2561
932.3879368054625
599.6216456592007
2562
959.2417898743377
601.6873266644988
2563
988.1613239485109
609.9500506856912
2564
1012.949496012088
618.2127747068835
2565
1046.0003920968572
626.4754987280759
2566
1081.116969186925
636.8039037545664
2567
1118.2992272822905
638.8695847598644
2568
1161.6785283935503
640.9352657651625
2569
1200.926467494214
645.0666277757587
2570
1246.371449610772
643.0009467704606
2571
1285.6193887114357
640.9352657651625
2572
1328.9986898226955
634.7382227492682
2573
1372.3779909339553
634.7382227492682
2574
1419.8886540558115
630.606860738672
2575
1463.2679551670712
622.3441367174797
2576
1508.7129372836291
620.2784557121817
2577
1556.2236004054853
614.0814126962873
1