2550
87.52440563854412
833.0435992578848
2551
147.42915479218874
830.9779182525867
2552
201.13686092993902
826.8465562419906
2553
256.9102480729874
824.7808752366925
2554
310.61795421073765
820.6495132260964
2555
368.4570223590842
812.386789204904
2556
420.0990474915364
799.9927031731154
2557
469.6753916186905
791.7299791519231
2558
515.1203737352484
781.4015741254326
2559
558.4996748465085
773.1388501042402
2560
595.681932941874
764.8761260830479
2561
630.7985100319415
758.6790830671537
2562
661.7837251114129
748.3506780406632
2563
694.8346211961823
735.9565920088746
2564
725.8198362756536
723.5625059770861
2565
744.4109653233363
715.2997819558938
2566
763.0020943710192
702.9056959241052
2567
779.5275424134038
694.6429719029128
2568
796.0529904557886
686.3802478817205
2569
810.5127574928752
682.2488858711243
2570
824.9725245299619
676.05184285523
2571
839.4322915670484
676.05184285523
2572
853.8920586041352
671.9204808446339
2573
870.4175066465198
665.7234378287395
2574
886.9429546889046
663.6577568234414
2575
899.337040720693
655.3950328022491
2576
915.8624887630779
649.1979897863548
2577
932.3879368054625
645.0666277757587
2578
953.0447468584434
640.9352657651625
2579
973.7015569114242
636.8039037545664
2580
992.2926859591071
636.8039037545664
2581
1008.8181340014917
634.7382227492682
2582
1023.2779010385784
632.6725417439701
2583
1039.803349080963
634.7382227492682
2584
1060.460159133944
634.7382227492682
2585
1083.182650192223
632.6725417439701
2586
1110.036503261098
632.6725417439701
2587
1138.9560373352713
630.606860738672
2588
1167.8755714094445
626.4754987280759
2589
1207.1235105101082
624.4098177227778
2590
1242.2400876001757
622.3441367174797
2591
1285.6193887114357
618.2127747068835
2592
1333.1300518332916
616.1470937015854
2593
1376.5093529445514
614.0814126962873
2594
1426.0856970717057
609.9500506856912
2595
1475.66204119886
605.818688675095
2596
1535.5667903525043
601.6873266644988
2597
1589.2744964902547
601.6873266644988
0