2556
758.8707323604231
273.2440468221025
2557
758.8707323604231
283.572451848593
2558
758.8707323604231
293.9008568750835
2559
760.9364133657211
304.22926190157386
2560
760.9364133657211
316.6233479333624
2561
760.9364133657211
329.017433965151
2562
760.9364133657211
343.4772010022376
2563
760.9364133657211
351.7399250234299
2564
760.9364133657211
366.19969206051655
2565
760.9364133657211
378.5937780923051
2566
758.8707323604231
390.9878641240937
2567
756.805051355125
403.38195015588224
2568
756.805051355125
413.7103551823726
2569
756.805051355125
426.10444121416117
2570
758.8707323604231
438.49852724594973
2571
758.8707323604231
448.8269322724402
2572
754.7393703498269
463.28669930952674
2573
754.7393703498269
475.6807853413153
2574
752.6736893445288
486.0091903678058
2575
754.7393703498269
496.3375953942963
2576
756.805051355125
506.66600042078665
2577
760.9364133657211
519.0600864525752
2578
763.0020943710192
529.3884914790657
2579
767.1334563816154
539.7168965055561
2580
773.3304993975096
550.0453015320466
2581
781.5932234187019
560.373706558537
2582
791.9216284451925
568.6364305797293
2583
804.3157144769809
574.8334735956237
2584
816.7098005087696
583.096197616816
2585
827.03820553526
593.4246026433065
2586
841.4979725723465
601.6873266644988
2587
851.8263775988371
603.7530076697968
2588
864.2204636306255
612.0157316909892
2589
872.4831876518178
618.2127747068835
2590
884.8772736836065
626.4754987280759
2591
895.2056787100969
630.606860738672
2592
905.5340837365873
634.7382227492682
2593
913.7968077577796
636.8039037545664
2594
919.993850773674
636.8039037545664
2595
928.2565747948663
638.8695847598644
2596
932.3879368054625
640.9352657651625
2597
936.5192988160586
643.0009467704606
2598
940.6506608266548
643.0009467704606
2599
946.8477038425492
645.0666277757587
2600
953.0447468584434
645.0666277757587
2601
957.1761088690396
645.0666277757587
2602
963.3731518849338
645.0666277757587
2603
971.6358759061261
645.0666277757587
2604
984.0299619379148
647.1323087810567
2605
990.227004953809
647.1323087810567
2606
1000.5554099802994
647.1323087810567
2607
1015.0151770173861
651.263670791653
2608
1027.4092630491746
649.1979897863548
2609
1037.737668075665
651.263670791653
2610
1043.9347110915592
651.263670791653
2611
1066.6572021498382
657.4607138075472
2612
1087.3140122028192
657.4607138075472
2613
1110.036503261098
657.4607138075472
2614
1132.758994319377
657.4607138075472
2615
1157.5471663829542
657.4607138075472
2616
1180.2696574412332
655.3950328022491
2617
1207.1235105101082
655.3950328022491
2618
1233.9773635789834
651.263670791653
2619
1262.8968976531567
651.263670791653
2620
1289.7507507220319
651.263670791653
2621
1320.7359658015032
649.1979897863548
2622
1353.7868618862726
643.0009467704606
2623
1382.706395960446
640.9352657651625
2624
1415.7572920452153
634.7382227492682
2625
1450.8738691352828
634.7382227492682
2626
1485.9904462253503
634.7382227492682
2627
1525.238385326014
634.7382227492682
2628
1566.5520054319757
632.6725417439701
1