2576
785.7245854292983
293.9008568750835
2577
783.6589044240002
302.1635808962758
2578
779.5275424134038
314.55766692806435
2579
775.3961804028077
331.08311497044906
2580
771.2648183922115
341.41151999693955
2581
771.2648183922115
355.8712870340262
2582
773.3304993975096
368.26537306581463
2583
775.3961804028077
382.72514010290126
2584
777.4618614081057
395.1192261346898
2585
779.5275424134038
407.5133121664784
2586
779.5275424134038
419.90739819826695
2587
781.5932234187019
434.3671652353536
2588
783.6589044240002
446.76125126714203
2589
783.6589044240002
459.1553372989306
2590
783.6589044240002
473.6151043360172
2591
781.5932234187019
483.9435093625077
2592
779.5275424134038
498.40327639959435
2593
779.5275424134038
516.9944054472771
2594
779.5275424134038
531.4541724843638
2595
777.4618614081057
545.9139395214504
2596
775.3961804028077
562.4393875638351
2597
771.2648183922115
583.096197616816
2598
769.1991373869134
599.6216456592007
2599
769.1991373869134
616.1470937015854
2600
769.1991373869134
636.8039037545664
2601
771.2648183922115
657.4607138075472
2602
775.3961804028077
671.9204808446339
2603
781.5932234187019
692.5772908976147
2604
787.7902664345963
715.2997819558938
2605
789.8559474398944
731.8252299982785
2606
793.9873094504906
754.5477210565574
2607
796.0529904557886
777.2702121148363
2608
800.1843524663848
797.9270221678173
2609
804.3157144769809
818.5838322207983
2610
812.5784384981732
843.3720042843753
2611
820.8411625193658
864.0288143373562
2612
829.103886540558
886.7513053956352
2613
837.3666105617503
913.6051584645104
2614
843.5636535776446
932.1962875121931
2615
853.8920586041352
959.0501405810683
2616
860.0891016200294
981.7726316393473
2617
870.4175066465198
1004.4951226976262
2618
886.9429546889046
1031.3489757665016
2619
895.2056787100969
1052.0057858194823
0