2578
802.2500334716829
277.3754088326988
2579
800.1843524663848
285.6381328538911
2580
796.0529904557886
298.03221888567964
2581
791.9216284451925
312.4919859227663
2582
785.7245854292983
320.7547099439586
2583
781.5932234187019
331.08311497044906
2584
773.3304993975096
341.41151999693955
2585
771.2648183922115
353.805606028728
2586
765.0677753763173
368.26537306581463
2587
760.9364133657211
382.72514010290126
2588
756.805051355125
399.250588145286
2589
748.5423273339327
415.7760361876707
2590
744.4109653233363
436.43284624065166
2591
740.2796033127402
450.8926132777383
2592
734.0825602968459
471.54942333071915
2593
729.9511982862498
483.9435093625077
2594
727.8855172809517
502.5346384101905
2595
723.7541552703556
521.1257674578733
2596
721.6884742650575
535.5855344949599
2597
719.6227932597594
554.1766635426427
2598
717.5571122544613
576.8991546009217
2599
715.491431249163
597.5559646539026
2600
713.425750243865
614.0814126962873
2601
711.3600692385669
632.6725417439701
2602
709.2943882332688
655.3950328022491
2603
707.2287072279707
673.9861618499319
2604
705.1630262226727
694.6429719029128
2605
705.1630262226727
717.3654629611918
2606
705.1630262226727
738.0222730141727
2607
705.1630262226727
762.8104450777498
2608
707.2287072279707
781.4015741254326
2609
707.2287072279707
804.1240651837115
2610
707.2287072279707
828.9122372472887
2611
705.1630262226727
853.7004093108658
2612
705.1630262226727
876.4229003691447
2613
701.0316642120765
903.2767534380199
2614
696.9003022014804
923.9335634910008
2615
692.7689401908842
952.853097565174
2616
686.57189717499
981.7726316393473
2617
680.3748541590955
1006.5608037029244
2618
676.2434921484994
1037.5460187823958
2619
672.1121301379033
1060.2685098406746
0