2589
783.6589044240002
283.572451848593
2590
781.5932234187019
298.03221888567964
2591
781.5932234187019
314.55766692806435
2592
779.5275424134038
329.017433965151
2593
777.4618614081057
343.4772010022376
2594
775.3961804028077
357.93696803932426
2595
775.3961804028077
374.46241608170897
2596
773.3304993975096
390.9878641240937
2597
771.2648183922115
409.57899317177646
2598
769.1991373869134
424.0387602088631
2599
763.0020943710192
440.5642082512478
2600
760.9364133657211
459.1553372989306
2601
758.8707323604231
477.7464663466134
2602
756.805051355125
500.4689574048924
2603
754.7393703498269
519.0600864525752
2604
752.6736893445288
537.651215500258
2605
750.6080083392308
560.373706558537
2606
748.5423273339327
585.161878622114
2607
744.4109653233363
603.7530076697968
2608
744.4109653233363
624.4098177227778
2609
744.4109653233363
651.263670791653
2610
742.3452843180382
671.9204808446339
2611
742.3452843180382
700.8400149188071
2612
740.2796033127402
725.6281869823842
2613
740.2796033127402
748.3506780406632
2614
744.4109653233363
775.2045311095383
2615
748.5423273339327
793.7956601572212
2616
752.6736893445288
814.452470210202
2617
750.6080083392308
843.3720042843753
2618
748.5423273339327
866.0944953426542
2619
742.3452843180382
892.9483484115294
2620
734.0825602968459
919.8022014804046
2621
727.8855172809517
944.5903735439817
2622
721.6884742650575
973.509907618155
2623
715.491431249163
1000.3637606870301
2624
713.425750243865
1029.2832947612033
2625
711.3600692385669
1054.0714668247804
2626
709.2943882332688
1074.7282768777613
0