545
119.14348617105696
844.9882226566281
546
171.40121354055776
840.807604467068
547
223.65894091005867
834.5366771827279
548
280.0972864691195
832.4463680879478
549
330.26470474384035
817.8142044244876
550
376.25150482900114
815.7238953297076
551
420.14799581938183
803.1820407610273
552
468.2251049993226
792.7304952871273
553
514.2119050844833
782.2789498132271
554
558.108396074864
771.8274043393269
555
595.7339597809046
761.3758588654267
556
624.998287107825
750.9243133915265
557
658.4432326243057
738.3824588228464
558
689.7978690460061
723.7502951593862
559
721.1525054677068
709.1181314959259
560
742.0555964155071
700.7568951168058
561
773.4102328372076
688.2150405481256
562
798.4939419745679
675.6731859794454
563
817.3067238275883
663.1313314107651
564
838.2098147753886
650.589476842085
565
852.8419784388489
635.9573131786248
566
869.564451197089
623.4154586099445
567
882.1063057657693
608.7832949464843
568
896.7384694292296
598.3317494725842
569
909.2803239979098
579.5189676195638
570
917.6415603770299
564.8868039561037
571
926.00279675615
550.2546402926434
572
932.2737240404902
533.5321675344031
573
936.4543422300501
518.9000038709429
574
936.4543422300501
506.35814930226275
575
934.3640331352701
489.63567654402243
576
930.18341494571
470.82289469100215
577
921.8221785665899
458.2810401223219
578
915.5512512822497
439.4682582693016
579
909.2803239979098
424.83609460584137
580
905.0997058083497
410.20393094238113
581
900.9190876187895
387.2105308998008
582
896.7384694292296
366.30743995200044
583
900.9190876187895
347.49465809898015
584
903.0093967135697
328.68187624595987
585
905.0997058083497
314.04971258249964
586
907.1900149031296
295.23693072947935
587
911.3706330926898
274.333839781679
1