2586
1570.6833674425718
543.8482585161523
2587
1514.9099802995236
537.651215500258
2588
1469.4649981829655
527.3228104737676
2589
1426.0856970717057
514.928724441979
2590
1393.0348009869363
502.5346384101905
2591
1359.9839049021668
492.2062333837
2592
1328.9986898226955
477.7464663466134
2593
1302.1448367538203
465.3523803148249
2594
1275.290983684945
452.95829428303637
2595
1252.5684926266663
446.76125126714203
2596
1236.0430445842815
442.6298892565459
2597
1215.3862345313007
434.3671652353536
2598
1194.7294244783197
430.2358032247573
2599
1180.2696574412332
428.17012221945924
2600
1157.5471663829542
421.973079203565
2601
1143.0873993458674
419.90739819826695
2602
1124.4962702981848
411.64467417707453
2603
1112.102184266396
409.57899317177646
2604
1101.7737792399057
403.38195015588224
2605
1091.4453742134153
399.250588145286
2606
1087.3140122028192
390.9878641240937
2607
1083.182650192223
388.9221831187956
2608
1081.116969186925
382.72514010290126
2609
1072.8542451657324
376.52809708700704
2610
1066.6572021498382
368.26537306581463
2611
1056.3287971233478
364.1340110552185
2612
1046.0003920968572
355.8712870340262
2613
1031.5406250597707
349.67424401813184
2614
1021.2122200332803
343.4772010022376
2615
1006.7524529961936
331.08311497044906
2616
996.4240479697032
324.88607195455484
2617
986.0956429432129
316.6233479333624
2618
977.8329189220203
308.36062391217
2619
967.50451389553
298.03221888567964
2620
957.1761088690396
289.7694948644872
2621
953.0447468584434
283.572451848593
2622
944.7820228372509
271.17836581680444
2623
938.5849798213567
260.84996079031396
2