2620
756.805051355125
275.3097278274006
2621
754.7393703498269
289.7694948644872
2622
754.7393703498269
304.22926190157386
2623
754.7393703498269
320.7547099439586
2624
754.7393703498269
335.2144769810452
2625
754.7393703498269
349.67424401813184
2626
752.6736893445288
364.1340110552185
2627
754.7393703498269
378.5937780923051
2628
754.7393703498269
395.1192261346898
2629
754.7393703498269
411.64467417707453
2630
754.7393703498269
424.0387602088631
2631
756.805051355125
440.5642082512478
2632
758.8707323604231
457.0896562936325
2633
760.9364133657211
471.54942333071915
2634
763.0020943710192
483.9435093625077
2635
765.0677753763173
500.4689574048924
2636
767.1334563816154
512.863043436681
2637
769.1991373869134
529.3884914790657
2638
773.3304993975096
543.8482585161523
2639
775.3961804028077
558.308025553239
2640
775.3961804028077
570.7021115850274
2641
775.3961804028077
585.161878622114
2642
773.3304993975096
597.5559646539026
2643
769.1991373869134
607.8843696803931
2644
767.1334563816154
622.3441367174797
2645
767.1334563816154
632.6725417439701
2646
765.0677753763173
645.0666277757587
2647
765.0677753763173
655.3950328022491
2648
758.8707323604231
665.7234378287395
2649
756.805051355125
676.05184285523
2650
754.7393703498269
686.3802478817205
2651
750.6080083392308
698.774333913509
2652
744.4109653233363
711.1684199452975
2653
742.3452843180382
721.496824971788
2654
740.2796033127402
729.7595489929804
2655
738.2139223074421
742.1536350247688
2656
734.0825602968459
752.4820400512593
2657
732.0168792915479
762.8104450777498
2658
729.9511982862498
773.1388501042402
2659
727.8855172809517
785.5329361360288
2660
723.7541552703556
795.8613411625192
2661
719.6227932597594
806.1897461890096
2662
715.491431249163
816.5181512155001
2663
711.3600692385669
826.8465562419906
2664
707.2287072279707
837.174961268481
2665
703.0973452173746
849.5690473002696
2666
698.9659832067784
859.89745232676
2667
696.9003022014804
872.2915383585486
2668
694.8346211961823
888.8169864009333
2669
692.7689401908842
907.4081154486161
2670
694.8346211961823
928.0649255015969
2671
692.7689401908842
948.7217355545779
2672
692.7689401908842
975.5755886234531
2673
690.7032591855861
998.298079681732
2674
690.7032591855861
1029.2832947612033
2675
686.57189717499
1054.0714668247804
0