2624
1560.3549624160817
525.2571294684694
2625
1527.304066331312
527.3228104737676
2626
1492.1874892412445
525.2571294684694
2627
1455.005231145879
525.2571294684694
2628
1419.8886540558115
525.2571294684694
2629
1386.837757971042
521.1257674578733
2630
1349.6554998756765
519.0600864525752
2631
1314.538922785609
512.863043436681
2632
1283.5537077061376
506.66600042078665
2633
1250.5028116213682
496.3375953942963
2634
1221.583277547195
483.9435093625077
2635
1190.5980624677236
473.6151043360172
2636
1167.8755714094445
459.1553372989306
2637
1147.2187613564638
442.6298892565459
2638
1130.693313314079
432.3014842300554
2639
1112.102184266396
417.8417171929689
2640
1087.3140122028192
401.31626915058405
2641
1064.5915211445401
384.79082110819934
2642
1046.0003920968572
374.46241608170897
2643
1023.2779010385784
362.0683300499204
2644
996.4240479697032
341.41151999693955
2645
979.8985999273184
331.08311497044906
2646
963.3731518849338
316.6233479333624
2647
948.9133848478473
300.0978998909777
2648
938.5849798213567
285.6381328538911
2649
932.3879368054625
269.11268481150637
2650
930.3222558001644
256.7185987797178
2