2628
742.3452843180382
273.2440468221025
2629
740.2796033127402
285.6381328538911
2630
736.148241302144
298.03221888567964
2631
738.2139223074421
312.4919859227663
2632
736.148241302144
324.88607195455484
2633
738.2139223074421
339.34583899164136
2634
740.2796033127402
349.67424401813184
2635
744.4109653233363
360.00264904462233
2636
746.4766463286344
376.52809708700704
2637
748.5423273339327
388.9221831187956
2638
744.4109653233363
401.31626915058405
2639
744.4109653233363
411.64467417707453
2640
742.3452843180382
426.10444121416117
2641
744.4109653233363
438.49852724594973
2642
746.4766463286344
450.8926132777383
2643
752.6736893445288
461.22101830422866
2644
758.8707323604231
473.6151043360172
2645
767.1334563816154
479.81214735191156
2646
781.5932234187019
492.2062333837
2647
793.9873094504906
500.4689574048924
2648
814.6441195034715
514.928724441979
2649
831.1695675458561
523.1914484631714
2650
849.760696593539
529.3884914790657
2651
872.4831876518178
535.5855344949599
2652
897.271359715395
541.7825775108543
2653
924.1252127842702
543.8482585161523
2654
953.0447468584434
547.9796205267485
2655
984.0299619379148
550.0453015320466
2656
1015.0151770173861
552.1109825373446
2657
1046.0003920968572
556.2423445479408
2658
1079.051288181627
554.1766635426427
2659
1112.102184266396
554.1766635426427
2660
1149.2844423617619
556.2423445479408
2661
1186.4667004571274
556.2423445479408
2662
1223.648958552493
556.2423445479408
2663
1262.8968976531567
556.2423445479408
2664
1304.2105177591184
556.2423445479408
2665
1343.4584568597822
554.1766635426427
2666
1384.772076965744
558.308025553239
2667
1430.2170590823018
560.373706558537
2668
1475.66204119886
564.5050685691332
2669
1521.1070233154178
568.6364305797293
2670
1566.5520054319757
568.6364305797293
1