2644
763.0020943710192
281.50677084329493
2645
760.9364133657211
298.03221888567964
2646
756.805051355125
314.55766692806435
2647
750.6080083392308
335.2144769810452
2648
744.4109653233363
349.67424401813184
2649
740.2796033127402
370.3310540711127
2650
736.148241302144
388.9221831187956
2651
736.148241302144
409.57899317177646
2652
736.148241302144
428.17012221945924
2653
736.148241302144
446.76125126714203
2654
734.0825602968459
463.28669930952674
2655
732.0168792915479
481.87782835720964
2656
734.0825602968459
496.3375953942963
2657
734.0825602968459
512.863043436681
2658
732.0168792915479
527.3228104737676
2659
727.8855172809517
541.7825775108543
2660
719.6227932597594
558.308025553239
2661
715.491431249163
574.8334735956237
2662
711.3600692385669
591.3589216380084
2663
711.3600692385669
603.7530076697968
2664
713.425750243865
620.2784557121817
2665
719.6227932597594
636.8039037545664
2666
725.8198362756536
653.3293517969511
2667
729.9511982862498
667.7891188340377
2668
729.9511982862498
682.2488858711243
2669
729.9511982862498
700.8400149188071
2670
727.8855172809517
719.4311439664899
2671
732.0168792915479
731.8252299982785
2672
736.148241302144
746.284997035365
2673
742.3452843180382
762.8104450777498
2674
748.5423273339327
777.2702121148363
2675
750.6080083392308
793.7956601572212
2676
750.6080083392308
806.1897461890096
2677
746.4766463286344
820.6495132260964
2678
746.4766463286344
835.1092802631829
2679
748.5423273339327
849.5690473002696
2680
750.6080083392308
859.89745232676
2681
752.6736893445288
870.2258573532504
2682
752.6736893445288
880.554262379741
2683
750.6080083392308
892.9483484115294
2684
748.5423273339327
905.342434443318
2685
744.4109653233363
917.7365204751065
2686
742.3452843180382
923.9335634910008
2687
738.2139223074421
936.3276495227893
2688
736.148241302144
944.5903735439817
2689
734.0825602968459
954.9187785704721
2690
732.0168792915479
965.2471835969625
2691
729.9511982862498
973.509907618155
2692
727.8855172809517
981.7726316393473
2693
725.8198362756536
987.9696746552415
2694
725.8198362756536
1000.3637606870301
2695
723.7541552703556
1010.6921657135206
2696
721.6884742650575
1021.020570740011
2697
721.6884742650575
1033.4146567717994
2698
717.5571122544613
1045.808742803588
2699
715.491431249163
1060.2685098406746
2700
715.491431249163
1074.7282768777613
0