2665
769.1991373869134
279.44108983799686
2666
767.1334563816154
295.96653788038157
2667
767.1334563816154
308.36062391217
2668
763.0020943710192
326.9517529598529
2669
758.8707323604231
345.5428820075357
2670
756.805051355125
360.00264904462233
2671
754.7393703498269
378.5937780923051
2672
750.6080083392308
397.1849071399879
2673
748.5423273339327
411.64467417707453
2674
746.4766463286344
428.17012221945924
2675
742.3452843180382
448.8269322724402
2676
740.2796033127402
467.418061320123
2677
738.2139223074421
481.87782835720964
2678
740.2796033127402
500.4689574048924
2679
736.148241302144
521.1257674578733
2680
734.0825602968459
539.7168965055561
2681
734.0825602968459
556.2423445479408
2682
732.0168792915479
578.9648356062198
2683
732.0168792915479
601.6873266644988
2684
732.0168792915479
618.2127747068835
2685
729.9511982862498
640.9352657651625
2686
732.0168792915479
661.5920758181434
2687
732.0168792915479
680.1832048658262
2688
734.0825602968459
704.9713769294033
2689
734.0825602968459
727.6938679876823
2690
734.0825602968459
746.284997035365
2691
734.0825602968459
771.0731690989421
2692
732.0168792915479
793.7956601572212
2693
732.0168792915479
812.386789204904
2694
729.9511982862498
835.1092802631829
2695
727.8855172809517
853.7004093108658
2696
727.8855172809517
874.3572193638466
2697
725.8198362756536
895.0140294168275
2698
725.8198362756536
917.7365204751065
2699
723.7541552703556
934.2619685174911
2700
723.7541552703556
948.7217355545779
2701
721.6884742650575
969.3785456075587
2702
723.7541552703556
981.7726316393473
2703
723.7541552703556
998.298079681732
2704
723.7541552703556
1012.7578467188187
2705
719.6227932597594
1027.2176137559052
2706
715.491431249163
1039.6116997876939
2707
711.3600692385669
1054.0714668247804
2708
707.2287072279707
1070.5969148671652
0