2700
1581.0117724690624
547.9796205267485
2701
1543.8295143736968
543.8482585161523
2702
1508.7129372836291
537.651215500258
2703
1475.66204119886
533.5198534896618
2704
1442.6111451140903
525.2571294684694
2705
1411.6259300346192
521.1257674578733
2706
1382.706395960446
514.928724441979
2707
1355.8525428915707
506.66600042078665
2708
1328.9986898226955
502.5346384101905
2709
1302.1448367538203
496.3375953942963
2710
1277.3566646902434
488.07487137310386
2711
1252.5684926266663
483.9435093625077
2712
1223.648958552493
477.7464663466134
2713
1194.7294244783197
475.6807853413153
2714
1172.0069334200407
471.54942333071915
2715
1147.2187613564638
469.4837423254211
2716
1126.5619513034828
463.28669930952674
2717
1107.9708222558
459.1553372989306
2718
1091.4453742134153
452.95829428303637
2719
1079.051288181627
448.8269322724402
2720
1068.7228831551363
442.6298892565459
2721
1056.3287971233478
436.43284624065166
2722
1046.0003920968572
430.2358032247573
2723
1037.737668075665
428.17012221945924
2724
1029.4749440544726
424.0387602088631
2725
1015.0151770173861
417.8417171929689
2726
1000.5554099802994
411.64467417707453
2727
988.1613239485109
405.4476311611803
2728
971.6358759061261
401.31626915058405
2729
957.1761088690396
393.05354512939175
2730
946.8477038425492
382.72514010290126
2731
936.5192988160586
372.3967350764109
2732
928.2565747948663
366.19969206051655
2733
922.0595317789721
355.8712870340262
2734
917.9281697683759
345.5428820075357
2735
913.7968077577796
333.14879597574713
2736
911.7311267524815
322.82039094925665
2737
907.5997647418853
312.4919859227663
2738
907.5997647418853
302.1635808962758
2739
903.4684027312892
289.7694948644872
2740
903.4684027312892
279.44108983799686
2741
901.4027217259911
271.17836581680444
2742
903.4684027312892
258.7842797850159
2