2705
1568.617686437274
550.0453015320466
2706
1533.5011093472062
545.9139395214504
2707
1500.4502132624368
541.7825775108543
2708
1467.3993171776674
537.651215500258
2709
1432.2827400876
531.4541724843638
2710
1403.3632060134266
527.3228104737676
2711
1374.4436719392534
523.1914484631714
2712
1345.5241378650803
514.928724441979
2713
1318.6702847962051
508.7316814260847
2714
1293.882112732628
502.5346384101905
2715
1264.9625786584547
496.3375953942963
2716
1242.2400876001757
490.14055237840194
2717
1217.4519155365988
483.9435093625077
2718
1194.7294244783197
477.7464663466134
2719
1172.0069334200407
475.6807853413153
2720
1153.415804372358
471.54942333071915
2721
1134.8246753246751
469.4837423254211
2722
1120.3649082875886
463.28669930952674
2723
1101.7737792399057
463.28669930952674
2724
1085.248331197521
457.0896562936325
2725
1070.7885641604344
452.95829428303637
2726
1056.3287971233478
448.8269322724402
2727
1043.9347110915592
442.6298892565459
2728
1031.5406250597707
440.5642082512478
2729
1021.2122200332803
434.3671652353536
2730
1010.8838150067897
430.2358032247573
2731
996.4240479697032
426.10444121416117
2732
986.0956429432129
421.973079203565
2733
975.7672379167223
413.7103551823726
2734
961.3074708796357
405.4476311611803
2735
950.9790658531454
399.250588145286
2736
936.5192988160586
388.9221831187956
2737
928.2565747948663
380.6594590976032
2738
924.1252127842702
372.3967350764109
2739
917.9281697683759
362.0683300499204
2740
911.7311267524815
351.7399250234299
2741
907.5997647418853
341.41151999693955
2742
899.337040720693
326.9517529598529
2743
897.271359715395
314.55766692806435
2744
895.2056787100969
306.29494290687194
2745
891.0743166995007
295.96653788038157
2746
889.0086356942027
283.572451848593
2747
886.9429546889046
273.2440468221025
2748
882.8115926783084
258.7842797850159
2