2717
1566.5520054319757
574.8334735956237
2718
1531.4354283419082
570.7021115850274
2719
1500.4502132624368
566.5707495744313
2720
1461.2022741617732
564.5050685691332
2721
1428.1513780770038
560.373706558537
2722
1397.1661629975324
554.1766635426427
2723
1366.180947918061
547.9796205267485
2724
1337.2614138438878
541.7825775108543
2725
1304.2105177591184
533.5198534896618
2726
1277.3566646902434
523.1914484631714
2727
1250.5028116213682
514.928724441979
2728
1223.648958552493
514.928724441979
2729
1198.860786488916
506.66600042078665
2730
1176.1382954306368
502.5346384101905
2731
1151.35012336706
500.4689574048924
2732
1126.5619513034828
494.2719143889981
2733
1107.9708222558
486.0091903678058
2734
1085.248331197521
477.7464663466134
2735
1064.5915211445401
473.6151043360172
2736
1043.9347110915592
467.418061320123
2737
1027.4092630491746
459.1553372989306
2738
1012.949496012088
452.95829428303637
2739
996.4240479697032
446.76125126714203
2740
981.9642809326167
440.5642082512478
2741
969.570194900828
434.3671652353536
2742
957.1761088690396
428.17012221945924
2743
946.8477038425492
415.7760361876707
2744
940.6506608266548
409.57899317177646
2745
932.3879368054625
397.1849071399879
2746
926.1908937895682
386.8565021134975
2747
922.0595317789721
376.52809708700704
2748
915.8624887630779
364.1340110552185
2749
913.7968077577796
351.7399250234299
2750
909.6654457471834
337.2801579863433
2751
905.5340837365873
329.017433965151
2752
901.4027217259911
314.55766692806435
2753
899.337040720693
304.22926190157386
2754
895.2056787100969
291.8351758697853
2755
893.1399977047988
277.3754088326988
2756
891.0743166995007
267.0470038062083
2