2753
928.2565747948663
1074.7282768777613
2754
919.993850773674
1041.677380792992
2755
909.6654457471834
1012.7578467188187
2756
897.271359715395
979.7069506340492
2757
893.1399977047988
950.787416559876
2758
886.9429546889046
925.9992444962988
2759
880.7459116730104
897.0797104221256
2760
876.614549662414
874.3572193638466
2761
872.4831876518178
849.5690473002696
2762
872.4831876518178
824.7808752366925
2763
872.4831876518178
804.1240651837115
2764
872.4831876518178
779.3358931201345
2765
872.4831876518178
758.6790830671537
2766
870.4175066465198
738.0222730141727
2767
870.4175066465198
717.3654629611918
2768
868.3518256412217
696.7086529082109
2769
866.2861446359236
680.1832048658262
2770
862.1547826253275
655.3950328022491
2771
862.1547826253275
636.8039037545664
2772
860.0891016200294
622.3441367174797
2773
862.1547826253275
601.6873266644988
2774
866.2861446359236
581.0305166115179
2775
868.3518256412217
564.5050685691332
2776
874.5488686571159
545.9139395214504
2777
878.6802306677121
527.3228104737676
2778
882.8115926783084
506.66600042078665
2779
886.9429546889046
494.2719143889981
2780
891.0743166995007
477.7464663466134
2781
893.1399977047988
461.22101830422866
2782
897.271359715395
446.76125126714203
2783
897.271359715395
434.3671652353536
2784
897.271359715395
421.973079203565
2785
897.271359715395
403.38195015588224
2786
897.271359715395
393.05354512939175
2787
897.271359715395
382.72514010290126
2788
897.271359715395
374.46241608170897
2789
897.271359715395
366.19969206051655
2790
897.271359715395
360.00264904462233
2791
897.271359715395
349.67424401813184
2792
897.271359715395
341.41151999693955
2793
899.337040720693
333.14879597574713
2794
899.337040720693
324.88607195455484
2795
897.271359715395
320.7547099439586
2796
897.271359715395
310.4263049174682
2797
897.271359715395
306.29494290687194
2798
897.271359715395
300.0978998909777
2799
897.271359715395
291.8351758697853
2800
897.271359715395
281.50677084329493
2801
899.337040720693
277.3754088326988
2802
901.4027217259911
269.11268481150637
2803
901.4027217259911
262.91564179561215
0