578
758.7780691737473
311.95940348771956
579
756.6877600789674
328.68187624595987
580
754.5974509841872
345.4043490042002
581
756.6877600789674
360.0365126676604
582
756.6877600789674
376.7589854259006
583
758.7780691737473
395.5717672789209
584
756.6877600789674
410.20393094238113
585
756.6877600789674
426.92640370062145
586
760.8683782685273
443.64887645886165
587
765.0489964580875
462.46165831188205
588
765.0489964580875
479.18413107012225
589
765.0489964580875
495.90660382836256
590
767.1393055528674
512.6290765866028
591
771.3199237424276
531.441858439623
592
775.5005419319875
546.0740221030833
593
779.6811601215477
564.8868039561037
594
783.8617783111076
583.699585809124
595
785.9520874058878
598.3317494725842
596
788.0423965006678
619.2348404203844
597
788.0423965006678
635.9573131786248
598
788.0423965006678
656.8604041264251
599
790.1327055954478
675.6731859794454
600
794.3133237850079
690.3053496429056
601
794.3133237850079
715.389058780266
602
794.3133237850079
730.0212224437262
603
794.3133237850079
753.0146224863066
604
796.4036328797879
771.8274043393269
605
798.4939419745679
786.4595680027871
606
798.4939419745679
813.6335862349276
607
796.4036328797879
834.5366771827279
608
798.4939419745679
857.5300772253083
609
804.764869258908
876.3428590783285
610
813.1261056380281
905.607186405249
611
817.3067238275883
924.4199682582694
612
823.5776511119284
945.3230592060697
613
827.7582693014883
964.1358410590899
614
834.0291965858285
987.1292411016703
615
840.3001238701686
1010.1226411442507
616
840.3001238701686
1033.1160411868311
617
836.1195056806084
1051.9288230398513
0