2766
781.5932234187019
277.3754088326988
2767
779.5275424134038
295.96653788038157
2768
777.4618614081057
316.6233479333624
2769
775.3961804028077
335.2144769810452
2770
773.3304993975096
355.8712870340262
2771
773.3304993975096
374.46241608170897
2772
771.2648183922115
401.31626915058405
2773
769.1991373869134
419.90739819826695
2774
769.1991373869134
444.69557026184395
2775
769.1991373869134
467.418061320123
2776
771.2648183922115
490.14055237840194
2777
773.3304993975096
514.928724441979
2778
773.3304993975096
539.7168965055561
2779
777.4618614081057
566.5707495744313
2780
779.5275424134038
595.4902836486045
2781
781.5932234187019
618.2127747068835
2782
787.7902664345963
651.263670791653
2783
791.9216284451925
676.05184285523
2784
796.0529904557886
713.2341009505957
2785
798.1186714610867
742.1536350247688
2786
802.2500334716829
777.2702121148363
2787
806.381395482279
806.1897461890096
2788
808.4470764875771
845.4376852896734
2789
810.5127574928752
876.4229003691447
2790
812.5784384981732
911.5394774592123
2791
812.5784384981732
944.5903735439817
2792
812.5784384981732
981.7726316393473
2793
812.5784384981732
1016.8892087294148
2794
812.5784384981732
1047.8744238088861
0