2772
1593.4058585008509
570.7021115850274
2773
1545.895195378995
570.7021115850274
2774
1500.4502132624368
566.5707495744313
2775
1459.136593156475
558.308025553239
2776
1413.6916110399172
550.0453015320466
2777
1364.115266912763
537.651215500258
2778
1320.7359658015032
525.2571294684694
2779
1279.4223456955415
512.863043436681
2780
1242.2400876001757
498.40327639959435
2781
1205.0578295048101
483.9435093625077
2782
1165.8098904041465
467.418061320123
2783
1134.8246753246751
452.95829428303637
2784
1105.9051412505019
440.5642082512478
2785
1081.116969186925
421.973079203565
2786
1052.1974351127517
407.5133121664784
2787
1031.5406250597707
393.05354512939175
2788
1015.0151770173861
374.46241608170897
2789
998.4897289750013
368.26537306581463
2790
981.9642809326167
351.7399250234299
2791
969.570194900828
339.34583899164136
2792
957.1761088690396
326.9517529598529
2793
948.9133848478473
316.6233479333624
2794
942.7163418319528
306.29494290687194
2795
934.4536178107605
291.8351758697853
2796
926.1908937895682
281.50677084329493
2797
922.0595317789721
264.9813228009102
2