2775
765.0677753763173
275.3097278274006
2776
765.0677753763173
287.70381385918915
2777
767.1334563816154
300.0978998909777
2778
771.2648183922115
316.6233479333624
2779
771.2648183922115
333.14879597574713
2780
773.3304993975096
345.5428820075357
2781
773.3304993975096
362.0683300499204
2782
771.2648183922115
378.5937780923051
2783
775.3961804028077
393.05354512939175
2784
775.3961804028077
407.5133121664784
2785
775.3961804028077
426.10444121416117
2786
773.3304993975096
440.5642082512478
2787
775.3961804028077
457.0896562936325
2788
779.5275424134038
471.54942333071915
2789
785.7245854292983
483.9435093625077
2790
791.9216284451925
500.4689574048924
2791
800.1843524663848
512.863043436681
2792
812.5784384981732
527.3228104737676
2793
827.03820553526
537.651215500258
2794
841.4979725723465
550.0453015320466
2795
862.1547826253275
560.373706558537
2796
884.8772736836065
570.7021115850274
2797
913.7968077577796
578.9648356062198
2798
944.7820228372509
585.161878622114
2799
975.7672379167223
591.3589216380084
2800
1008.8181340014917
593.4246026433065
2801
1041.869030086261
601.6873266644988
2802
1074.9199261710305
603.7530076697968
2803
1105.9051412505019
609.9500506856912
2804
1141.0217183405694
616.1470937015854
2805
1180.2696574412332
622.3441367174797
2806
1217.4519155365988
628.541179733374
2807
1256.6998546372624
632.6725417439701
2808
1298.0134747432242
636.8039037545664
2809
1341.392775854484
638.8695847598644
2810
1384.772076965744
638.8695847598644
2811
1424.0200160664076
643.0009467704606
2812
1467.3993171776674
640.9352657651625
2813
1510.7786182889274
643.0009467704606
2814
1554.1579194001872
645.0666277757587
2815
1595.4715395061492
643.0009467704606
1