2788
729.9511982862498
283.572451848593
2789
727.8855172809517
295.96653788038157
2790
727.8855172809517
310.4263049174682
2791
727.8855172809517
326.9517529598529
2792
729.9511982862498
341.41151999693955
2793
729.9511982862498
353.805606028728
2794
727.8855172809517
370.3310540711127
2795
725.8198362756536
388.9221831187956
2796
723.7541552703556
403.38195015588224
2797
721.6884742650575
419.90739819826695
2798
721.6884742650575
436.43284624065166
2799
721.6884742650575
448.8269322724402
2800
723.7541552703556
469.4837423254211
2801
725.8198362756536
481.87782835720964
2802
725.8198362756536
498.40327639959435
2803
725.8198362756536
514.928724441979
2804
725.8198362756536
531.4541724843638
2805
725.8198362756536
550.0453015320466
2806
723.7541552703556
564.5050685691332
2807
723.7541552703556
581.0305166115179
2808
723.7541552703556
601.6873266644988
2809
721.6884742650575
616.1470937015854
2810
721.6884742650575
634.7382227492682
2811
721.6884742650575
651.263670791653
2812
719.6227932597594
665.7234378287395
2813
721.6884742650575
686.3802478817205
2814
721.6884742650575
700.8400149188071
2815
721.6884742650575
723.5625059770861
2816
721.6884742650575
735.9565920088746
2817
719.6227932597594
754.5477210565574
2818
721.6884742650575
775.2045311095383
2819
721.6884742650575
791.7299791519231
2820
723.7541552703556
806.1897461890096
2821
725.8198362756536
822.7151942313944
2822
725.8198362756536
839.240642273779
2823
729.9511982862498
853.7004093108658
2824
729.9511982862498
866.0944953426542
2825
734.0825602968459
880.554262379741
2826
736.148241302144
895.0140294168275
2827
736.148241302144
909.4737964539141
2828
736.148241302144
917.7365204751065
2829
738.2139223074421
934.2619685174911
2830
734.0825602968459
950.787416559876
2831
732.0168792915479
963.1815025916644
2832
729.9511982862498
977.6412696287512
2833
727.8855172809517
987.9696746552415
2834
727.8855172809517
1002.4294416923282
2835
725.8198362756536
1018.9548897347129
2836
723.7541552703556
1029.2832947612033
2837
721.6884742650575
1043.74306179829
2838
721.6884742650575
1056.1371478300784
2839
723.7541552703556
1066.465552856569
0