2789
800.1843524663848
283.572451848593
2790
798.1186714610867
298.03221888567964
2791
798.1186714610867
314.55766692806435
2792
793.9873094504906
331.08311497044906
2793
791.9216284451925
345.5428820075357
2794
789.8559474398944
364.1340110552185
2795
787.7902664345963
384.79082110819934
2796
787.7902664345963
401.31626915058405
2797
787.7902664345963
417.8417171929689
2798
791.9216284451925
436.43284624065166
2799
791.9216284451925
455.02397528833444
2800
793.9873094504906
475.6807853413153
2801
793.9873094504906
494.2719143889981
2802
796.0529904557886
519.0600864525752
2803
796.0529904557886
535.5855344949599
2804
798.1186714610867
556.2423445479408
2805
798.1186714610867
583.096197616816
2806
793.9873094504906
601.6873266644988
2807
796.0529904557886
626.4754987280759
2808
791.9216284451925
651.263670791653
2809
789.8559474398944
673.9861618499319
2810
785.7245854292983
694.6429719029128
2811
781.5932234187019
721.496824971788
2812
777.4618614081057
742.1536350247688
2813
771.2648183922115
766.941807088346
2814
767.1334563816154
789.664298146625
2815
760.9364133657211
804.1240651837115
2816
752.6736893445288
828.9122372472887
2817
744.4109653233363
851.6347283055677
2818
742.3452843180382
870.2258573532504
2819
736.148241302144
890.8826674062313
2820
729.9511982862498
907.4081154486161
2821
723.7541552703556
925.9992444962988
2822
713.425750243865
946.6560545492798
2823
707.2287072279707
967.3128646022607
2824
703.0973452173746
981.7726316393473
2825
694.8346211961823
1004.4951226976262
2826
688.6375781802881
1025.151932750607
2827
684.5062161696919
1047.8744238088861
2828
682.4405351643939
1066.465552856569
0