2791
758.8707323604231
271.17836581680444
2792
754.7393703498269
285.6381328538911
2793
752.6736893445288
302.1635808962758
2794
752.6736893445288
320.7547099439586
2795
752.6736893445288
335.2144769810452
2796
758.8707323604231
353.805606028728
2797
760.9364133657211
368.26537306581463
2798
763.0020943710192
386.8565021134975
2799
763.0020943710192
405.4476311611803
2800
760.9364133657211
419.90739819826695
2801
760.9364133657211
438.49852724594973
2802
760.9364133657211
452.95829428303637
2803
760.9364133657211
473.6151043360172
2804
765.0677753763173
486.0091903678058
2805
767.1334563816154
504.60031941548857
2806
773.3304993975096
525.2571294684694
2807
777.4618614081057
541.7825775108543
2808
779.5275424134038
562.4393875638351
2809
783.6589044240002
583.096197616816
2810
783.6589044240002
601.6873266644988
2811
789.8559474398944
622.3441367174797
2812
789.8559474398944
647.1323087810567
2813
796.0529904557886
667.7891188340377
2814
800.1843524663848
692.5772908976147
2815
808.4470764875771
715.2997819558938
2816
814.6441195034715
735.9565920088746
2817
820.8411625193658
760.7447640724517
2818
827.03820553526
785.5329361360288
2819
827.03820553526
806.1897461890096
2820
827.03820553526
828.9122372472887
2821
822.9068435246638
853.7004093108658
2822
818.7754815140677
872.2915383585486
2823
808.4470764875771
895.0140294168275
2824
802.2500334716829
915.6708394698085
2825
798.1186714610867
934.2619685174911
2826
791.9216284451925
952.853097565174
2827
787.7902664345963
975.5755886234531
2828
781.5932234187019
987.9696746552415
2829
777.4618614081057
1008.6264847082225
2830
777.4618614081057
1029.2832947612033
2831
773.3304993975096
1047.8744238088861
2832
767.1334563816154
1060.2685098406746
2833
765.0677753763173
1072.6625958724633
0