2796
773.3304993975096
277.3754088326988
2797
773.3304993975096
289.7694948644872
2798
773.3304993975096
306.29494290687194
2799
775.3961804028077
320.7547099439586
2800
773.3304993975096
337.2801579863433
2801
773.3304993975096
349.67424401813184
2802
773.3304993975096
370.3310540711127
2803
773.3304993975096
384.79082110819934
2804
773.3304993975096
403.38195015588224
2805
771.2648183922115
415.7760361876707
2806
771.2648183922115
434.3671652353536
2807
773.3304993975096
450.8926132777383
2808
779.5275424134038
467.418061320123
2809
789.8559474398944
483.9435093625077
2810
796.0529904557886
500.4689574048924
2811
808.4470764875771
516.9944054472771
2812
822.9068435246638
533.5198534896618
2813
841.4979725723465
547.9796205267485
2814
864.2204636306255
562.4393875638351
2815
893.1399977047988
578.9648356062198
2816
926.1908937895682
591.3589216380084
2817
959.2417898743377
603.7530076697968
2818
996.4240479697032
616.1470937015854
2819
1037.737668075665
626.4754987280759
2820
1085.248331197521
632.6725417439701
2821
1132.758994319377
636.8039037545664
2822
1186.4667004571274
638.8695847598644
2823
1242.2400876001757
643.0009467704606
2824
1289.7507507220319
643.0009467704606
2825
1353.7868618862726
647.1323087810567
2826
1409.560249029321
649.1979897863548
2827
1465.3336361723693
647.1323087810567
2828
1527.304066331312
645.0666277757587
2829
1585.1431344796586
645.0666277757587
1