2799
804.3157144769809
277.3754088326988
2800
804.3157144769809
287.70381385918915
2801
802.2500334716829
302.1635808962758
2802
802.2500334716829
314.55766692806435
2803
804.3157144769809
331.08311497044906
2804
804.3157144769809
345.5428820075357
2805
808.4470764875771
357.93696803932426
2806
808.4470764875771
372.3967350764109
2807
810.5127574928752
386.8565021134975
2808
812.5784384981732
401.31626915058405
2809
814.6441195034715
415.7760361876707
2810
812.5784384981732
430.2358032247573
2811
812.5784384981732
446.76125126714203
2812
812.5784384981732
463.28669930952674
2813
810.5127574928752
479.81214735191156
2814
814.6441195034715
494.2719143889981
2815
818.7754815140677
512.863043436681
2816
833.2352485511542
527.3228104737676
2817
847.6950155882407
539.7168965055561
2818
866.2861446359236
554.1766635426427
2819
889.0086356942027
568.6364305797293
2820
911.7311267524815
585.161878622114
2821
938.5849798213567
601.6873266644988
2822
969.570194900828
614.0814126962873
2823
1008.8181340014917
626.4754987280759
2824
1056.3287971233478
638.8695847598644
2825
1110.036503261098
645.0666277757587
2826
1163.7442093988484
645.0666277757587
2827
1217.4519155365988
643.0009467704606
2828
1273.225302679647
640.9352657651625
2829
1326.9330088173974
636.8039037545664
2830
1382.706395960446
630.606860738672
2831
1440.5454641087922
624.4098177227778
2832
1502.515894267735
616.1470937015854
2833
1564.4863244266778
609.9500506856912
1