2824
816.7098005087696
275.3097278274006
2825
814.6441195034715
287.70381385918915
2826
814.6441195034715
306.29494290687194
2827
812.5784384981732
324.88607195455484
2828
808.4470764875771
343.4772010022376
2829
806.381395482279
360.00264904462233
2830
806.381395482279
380.6594590976032
2831
804.3157144769809
399.250588145286
2832
802.2500334716829
417.8417171929689
2833
802.2500334716829
434.3671652353536
2834
800.1843524663848
450.8926132777383
2835
802.2500334716829
471.54942333071915
2836
802.2500334716829
486.0091903678058
2837
800.1843524663848
508.7316814260847
2838
798.1186714610867
527.3228104737676
2839
796.0529904557886
545.9139395214504
2840
796.0529904557886
566.5707495744313
2841
796.0529904557886
589.2932406327103
2842
793.9873094504906
607.8843696803931
2843
793.9873094504906
632.6725417439701
2844
789.8559474398944
657.4607138075472
2845
787.7902664345963
678.1175238605281
2846
787.7902664345963
704.9713769294033
2847
785.7245854292983
727.6938679876823
2848
783.6589044240002
750.4163590459613
2849
781.5932234187019
775.2045311095383
2850
779.5275424134038
797.9270221678173
2851
775.3961804028077
822.7151942313944
2852
775.3961804028077
849.5690473002696
2853
775.3961804028077
870.2258573532504
2854
777.4618614081057
897.0797104221256
2855
779.5275424134038
919.8022014804046
2856
785.7245854292983
944.5903735439817
2857
791.9216284451925
971.4442266128568
2858
798.1186714610867
994.1667176711358
2859
806.381395482279
1023.086251745309
2860
810.5127574928752
1047.8744238088861
2861
816.7098005087696
1072.6625958724633
0