2826
742.3452843180382
283.572451848593
2827
736.148241302144
300.0978998909777
2828
729.9511982862498
318.6890289386605
2829
723.7541552703556
337.2801579863433
2830
719.6227932597594
351.7399250234299
2831
715.491431249163
370.3310540711127
2832
713.425750243865
388.9221831187956
2833
711.3600692385669
409.57899317177646
2834
709.2943882332688
428.17012221945924
2835
705.1630262226727
452.95829428303637
2836
703.0973452173746
471.54942333071915
2837
701.0316642120765
492.2062333837
2838
701.0316642120765
514.928724441979
2839
701.0316642120765
533.5198534896618
2840
701.0316642120765
558.308025553239
2841
703.0973452173746
585.161878622114
2842
705.1630262226727
605.818688675095
2843
707.2287072279707
628.541179733374
2844
709.2943882332688
653.3293517969511
2845
709.2943882332688
673.9861618499319
2846
711.3600692385669
698.774333913509
2847
713.425750243865
717.3654629611918
2848
715.491431249163
735.9565920088746
2849
717.5571122544613
752.4820400512593
2850
717.5571122544613
769.007488093644
2851
717.5571122544613
785.5329361360288
2852
719.6227932597594
804.1240651837115
2853
721.6884742650575
818.5838322207983
2854
723.7541552703556
839.240642273779
2855
725.8198362756536
857.8317713214619
2856
729.9511982862498
878.4885813744428
2857
732.0168792915479
903.2767534380199
2858
734.0825602968459
923.9335634910008
2859
734.0825602968459
948.7217355545779
2860
732.0168792915479
975.5755886234531
2861
729.9511982862498
1002.4294416923282
2862
725.8198362756536
1031.3489757665016
2863
721.6884742650575
1058.2028288353765
0