596
773.3304993975096
295.96653788038157
597
773.3304993975096
298.03221888567964
598
771.2648183922115
314.55766692806435
599
767.1334563816154
329.017433965151
600
763.0020943710192
349.67424401813184
601
763.0020943710192
366.19969206051655
602
760.9364133657211
386.8565021134975
603
760.9364133657211
403.38195015588224
604
760.9364133657211
421.973079203565
605
760.9364133657211
442.6298892565459
606
756.805051355125
463.28669930952674
607
756.805051355125
481.87782835720964
608
754.7393703498269
502.5346384101905
609
750.6080083392308
523.1914484631714
610
750.6080083392308
541.7825775108543
611
746.4766463286344
564.5050685691332
612
744.4109653233363
591.3589216380084
613
744.4109653233363
609.9500506856912
614
744.4109653233363
636.8039037545664
615
744.4109653233363
661.5920758181434
616
748.5423273339327
682.2488858711243
617
754.7393703498269
709.1027389399994
618
758.8707323604231
731.8252299982785
619
760.9364133657211
762.8104450777498
620
765.0677753763173
789.664298146625
621
767.1334563816154
812.386789204904
622
769.1991373869134
843.3720042843753
623
769.1991373869134
868.1601763479523
624
771.2648183922115
899.1453914274236
625
771.2648183922115
925.9992444962988
626
771.2648183922115
956.9844595757702
627
769.1991373869134
985.9039936499435
628
760.9364133657211
1021.020570740011
629
752.6736893445288
1052.0057858194823
0