2832
750.6080083392308
283.572451848593
2833
746.4766463286344
295.96653788038157
2834
742.3452843180382
314.55766692806435
2835
738.2139223074421
326.9517529598529
2836
736.148241302144
345.5428820075357
2837
732.0168792915479
357.93696803932426
2838
732.0168792915479
372.3967350764109
2839
729.9511982862498
390.9878641240937
2840
727.8855172809517
407.5133121664784
2841
727.8855172809517
421.973079203565
2842
729.9511982862498
440.5642082512478
2843
729.9511982862498
459.1553372989306
2844
732.0168792915479
473.6151043360172
2845
734.0825602968459
488.07487137310386
2846
738.2139223074421
504.60031941548857
2847
740.2796033127402
523.1914484631714
2848
740.2796033127402
537.651215500258
2849
740.2796033127402
556.2423445479408
2850
740.2796033127402
572.7677925903256
2851
740.2796033127402
587.2275596274121
2852
744.4109653233363
605.818688675095
2853
746.4766463286344
622.3441367174797
2854
748.5423273339327
643.0009467704606
2855
750.6080083392308
661.5920758181434
2856
752.6736893445288
676.05184285523
2857
754.7393703498269
692.5772908976147
2858
758.8707323604231
713.2341009505957
2859
763.0020943710192
729.7595489929804
2860
765.0677753763173
750.4163590459613
2861
769.1991373869134
773.1388501042402
2862
773.3304993975096
793.7956601572212
2863
777.4618614081057
812.386789204904
2864
781.5932234187019
833.0435992578848
2865
787.7902664345963
853.7004093108658
2866
791.9216284451925
876.4229003691447
2867
796.0529904557886
905.342434443318
2868
802.2500334716829
928.0649255015969
2869
806.381395482279
956.9844595757702
2870
808.4470764875771
981.7726316393473
2871
812.5784384981732
1006.5608037029244
2872
814.6441195034715
1037.5460187823958
2873
814.6441195034715
1062.334190845973
0