2837
791.9216284451925
281.50677084329493
2838
791.9216284451925
293.9008568750835
2839
791.9216284451925
304.22926190157386
2840
787.7902664345963
322.82039094925665
2841
787.7902664345963
337.2801579863433
2842
787.7902664345963
353.805606028728
2843
785.7245854292983
366.19969206051655
2844
785.7245854292983
382.72514010290126
2845
783.6589044240002
399.250588145286
2846
781.5932234187019
413.7103551823726
2847
779.5275424134038
432.3014842300554
2848
777.4618614081057
450.8926132777383
2849
773.3304993975096
465.3523803148249
2850
773.3304993975096
481.87782835720964
2851
771.2648183922115
494.2719143889981
2852
773.3304993975096
512.863043436681
2853
771.2648183922115
527.3228104737676
2854
771.2648183922115
537.651215500258
2855
773.3304993975096
552.1109825373446
2856
773.3304993975096
566.5707495744313
2857
775.3961804028077
578.9648356062198
2858
773.3304993975096
593.4246026433065
2859
775.3961804028077
603.7530076697968
2860
773.3304993975096
616.1470937015854
2861
773.3304993975096
628.541179733374
2862
773.3304993975096
638.8695847598644
2863
777.4618614081057
651.263670791653
2864
783.6589044240002
665.7234378287395
2865
785.7245854292983
673.9861618499319
2866
791.9216284451925
684.3145668764224
2867
798.1186714610867
696.7086529082109
2868
806.381395482279
704.9713769294033
2869
816.7098005087696
713.2341009505957
2870
822.9068435246638
723.5625059770861
2871
827.03820553526
733.8909110035765
2872
831.1695675458561
748.3506780406632
2873
835.3009295564523
762.8104450777498
2874
841.4979725723465
781.4015741254326
2875
847.6950155882407
797.9270221678173
2876
851.8263775988371
818.5838322207983
2877
855.9577396094332
839.240642273779
2878
864.2204636306255
855.7660903161639
2879
872.4831876518178
874.3572193638466
2880
884.8772736836065
897.0797104221256
2881
891.0743166995007
917.7365204751065
2882
895.2056787100969
936.3276495227893
2883
895.2056787100969
969.3785456075587
2884
893.1399977047988
992.1010366658377
2885
889.0086356942027
1021.020570740011
2886
880.7459116730104
1047.8744238088861
2887
870.4175066465198
1074.7282768777613
0