2845
814.6441195034715
1062.334190845973
2846
814.6441195034715
1035.4803377770977
2847
816.7098005087696
1010.6921657135206
2848
816.7098005087696
985.9039936499435
2849
818.7754815140677
961.1158215863663
2850
820.8411625193658
938.3933305280874
2851
822.9068435246638
913.6051584645104
2852
822.9068435246638
888.8169864009333
2853
824.9725245299619
861.9631333320581
2854
827.03820553526
835.1092802631829
2855
827.03820553526
808.2554271943077
2856
827.03820553526
777.2702121148363
2857
827.03820553526
750.4163590459613
2858
827.03820553526
721.496824971788
2859
829.103886540558
696.7086529082109
2860
824.9725245299619
667.7891188340377
2861
824.9725245299619
638.8695847598644
2862
822.9068435246638
609.9500506856912
2863
820.8411625193658
581.0305166115179
2864
816.7098005087696
558.308025553239
2865
816.7098005087696
529.3884914790657
2866
810.5127574928752
504.60031941548857
2867
804.3157144769809
479.81214735191156
2868
802.2500334716829
446.76125126714203
2869
800.1843524663848
426.10444121416117
2870
796.0529904557886
397.1849071399879
2871
796.0529904557886
374.46241608170897
2872
793.9873094504906
347.60856301283377
2873
793.9873094504906
326.9517529598529
2874
793.9873094504906
300.0978998909777
2875
793.9873094504906
279.44108983799686
2876
798.1186714610867
256.7185987797178
0