2846
756.805051355125
273.2440468221025
2847
754.7393703498269
283.572451848593
2848
756.805051355125
291.8351758697853
2849
754.7393703498269
306.29494290687194
2850
754.7393703498269
316.6233479333624
2851
752.6736893445288
333.14879597574713
2852
750.6080083392308
345.5428820075357
2853
748.5423273339327
355.8712870340262
2854
748.5423273339327
368.26537306581463
2855
748.5423273339327
378.5937780923051
2856
748.5423273339327
390.9878641240937
2857
746.4766463286344
403.38195015588224
2858
748.5423273339327
413.7103551823726
2859
748.5423273339327
426.10444121416117
2860
748.5423273339327
436.43284624065166
2861
748.5423273339327
450.8926132777383
2862
748.5423273339327
461.22101830422866
2863
746.4766463286344
471.54942333071915
2864
742.3452843180382
481.87782835720964
2865
734.0825602968459
494.2719143889981
2866
729.9511982862498
504.60031941548857
2867
723.7541552703556
514.928724441979
2868
721.6884742650575
525.2571294684694
2869
719.6227932597594
535.5855344949599
2870
721.6884742650575
545.9139395214504
2871
723.7541552703556
556.2423445479408
2872
727.8855172809517
568.6364305797293
2873
734.0825602968459
576.8991546009217
2874
746.4766463286344
585.161878622114
2875
758.8707323604231
591.3589216380084
2876
769.1991373869134
597.5559646539026
2877
781.5932234187019
601.6873266644988
2878
796.0529904557886
603.7530076697968
2879
810.5127574928752
607.8843696803931
2880
822.9068435246638
607.8843696803931
2881
835.3009295564523
612.0157316909892
2882
847.6950155882407
612.0157316909892
2883
860.0891016200294
614.0814126962873
2884
872.4831876518178
614.0814126962873
2885
884.8772736836065
614.0814126962873
2886
899.337040720693
612.0157316909892
2887
911.7311267524815
609.9500506856912
2888
924.1252127842702
607.8843696803931
2889
932.3879368054625
607.8843696803931
2890
946.8477038425492
605.818688675095
2891
955.1104278637415
603.7530076697968
2892
965.4388328902319
603.7530076697968
2893
973.7015569114242
601.6873266644988
2894
986.0956429432129
599.6216456592007
2895
1000.5554099802994
595.4902836486045
2896
1012.949496012088
591.3589216380084
2897
1029.4749440544726
587.2275596274121
2898
1046.0003920968572
583.096197616816
2899
1070.7885641604344
583.096197616816
2900
1099.7080982346076
583.096197616816
2901
1130.693313314079
585.161878622114
2902
1159.6128473882522
589.2932406327103
2903
1192.6637434730217
595.4902836486045
2904
1227.7803205630892
601.6873266644988
2905
1269.0939406690509
605.818688675095
2906
1304.2105177591184
609.9500506856912
2907
1347.5898188703784
614.0814126962873
2908
1393.0348009869363
620.2784557121817
2909
1440.5454641087922
620.2784557121817
2910
1490.1218082359464
622.3441367174797
2911
1541.7638333683988
624.4098177227778
1