2851
1562.4206434213795
519.0600864525752
2852
1531.4354283419082
516.9944054472771
2853
1502.515894267735
512.863043436681
2854
1477.727722204158
506.66600042078665
2855
1448.8081881299847
506.66600042078665
2856
1421.9543350611095
498.40327639959435
2857
1395.1004819922343
496.3375953942963
2858
1368.2466289233591
494.2719143889981
2859
1341.392775854484
488.07487137310386
2860
1316.604603790907
483.9435093625077
2861
1293.882112732628
477.7464663466134
2862
1267.0282596637528
469.4837423254211
2863
1248.4371306160701
465.3523803148249
2864
1227.7803205630892
457.0896562936325
2865
1205.0578295048101
446.76125126714203
2866
1188.5323814624255
440.5642082512478
2867
1169.9412524147426
434.3671652353536
2868
1149.2844423617619
428.17012221945924
2869
1132.758994319377
419.90739819826695
2870
1114.1678652716944
411.64467417707453
2871
1097.6424172293096
403.38195015588224
2872
1085.248331197521
397.1849071399879
2873
1072.8542451657324
386.8565021134975
2874
1062.525840139242
384.79082110819934
2875
1054.2631161180498
378.5937780923051
2876
1046.0003920968572
372.3967350764109
2877
1035.6719870703669
366.19969206051655
2878
1031.5406250597707
364.1340110552185
2879
1023.2779010385784
360.00264904462233
2880
1017.0808580226842
357.93696803932426
2881
1012.949496012088
353.805606028728
2882
1004.6867719908955
351.7399250234299
2883
998.4897289750013
349.67424401813184
2884
994.3583669644051
345.5428820075357
2885
988.1613239485109
339.34583899164136
2886
986.0956429432129
335.2144769810452
2887
984.0299619379148
331.08311497044906
2888
981.9642809326167
322.82039094925665
2889
977.8329189220203
316.6233479333624
2890
977.8329189220203
310.4263049174682
2891
977.8329189220203
304.22926190157386
2892
973.7015569114242
298.03221888567964
2893
973.7015569114242
287.70381385918915
2894
971.6358759061261
281.50677084329493
2895
967.50451389553
273.2440468221025
2896
963.3731518849338
267.0470038062083
2