2907
889.0086356942027
1043.74306179829
2908
868.3518256412217
1010.6921657135206
2909
849.760696593539
971.4442266128568
2910
835.3009295564523
936.3276495227893
2911
829.103886540558
892.9483484115294
2912
824.9725245299619
859.89745232676
2913
824.9725245299619
822.7151942313944
2914
827.03820553526
789.664298146625
2915
829.103886540558
760.7447640724517
2916
831.1695675458561
729.7595489929804
2917
835.3009295564523
700.8400149188071
2918
837.3666105617503
678.1175238605281
2919
843.5636535776446
649.1979897863548
2920
849.760696593539
626.4754987280759
2921
855.9577396094332
599.6216456592007
2922
864.2204636306255
574.8334735956237
2923
872.4831876518178
554.1766635426427
2924
882.8115926783084
527.3228104737676
2925
889.0086356942027
506.66600042078665
2926
893.1399977047988
479.81214735191156
2927
897.271359715395
459.1553372989306
2928
899.337040720693
440.5642082512478
2929
897.271359715395
424.0387602088631
2930
899.337040720693
403.38195015588224
2931
901.4027217259911
386.8565021134975
2932
901.4027217259911
370.3310540711127
2933
901.4027217259911
355.8712870340262
2934
901.4027217259911
339.34583899164136
2935
899.337040720693
320.7547099439586
2936
901.4027217259911
310.4263049174682
2937
901.4027217259911
293.9008568750835
2938
899.337040720693
277.3754088326988
2939
899.337040720693
264.9813228009102
0