2960
713.425750243865
1056.1371478300784
2961
725.8198362756536
1014.8235277241167
2962
742.3452843180382
971.4442266128568
2963
752.6736893445288
940.4590115333855
2964
765.0677753763173
897.0797104221256
2965
773.3304993975096
864.0288143373562
2966
785.7245854292983
824.7808752366925
2967
796.0529904557886
787.5986171413269
2968
808.4470764875771
756.6134020618556
2969
818.7754815140677
719.4311439664899
2970
831.1695675458561
690.5116098923166
2971
845.6293345829426
659.5263948128453
2972
860.0891016200294
632.6725417439701
2973
872.4831876518178
599.6216456592007
2974
884.8772736836065
568.6364305797293
2975
895.2056787100969
543.8482585161523
2976
903.4684027312892
510.7973624313829
2977
907.5997647418853
488.07487137310386
2978
909.6654457471834
461.22101830422866
2979
907.5997647418853
438.49852724594973
2980
905.5340837365873
417.8417171929689
2981
897.271359715395
390.9878641240937
2982
893.1399977047988
370.3310540711127
2983
889.0086356942027
347.60856301283377
2984
886.9429546889046
322.82039094925665
2985
884.8772736836065
306.29494290687194
2986
886.9429546889046
285.6381328538911
2987
889.0086356942027
262.91564179561215
0