2969
822.9068435246638
279.44108983799686
2970
822.9068435246638
291.8351758697853
2971
822.9068435246638
306.29494290687194
2972
822.9068435246638
324.88607195455484
2973
820.8411625193658
345.5428820075357
2974
818.7754815140677
362.0683300499204
2975
818.7754815140677
380.6594590976032
2976
814.6441195034715
401.31626915058405
2977
810.5127574928752
424.0387602088631
2978
806.381395482279
444.69557026184395
2979
800.1843524663848
469.4837423254211
2980
793.9873094504906
488.07487137310386
2981
789.8559474398944
512.863043436681
2982
785.7245854292983
535.5855344949599
2983
785.7245854292983
562.4393875638351
2984
787.7902664345963
587.2275596274121
2985
789.8559474398944
607.8843696803931
2986
791.9216284451925
636.8039037545664
2987
789.8559474398944
665.7234378287395
2988
789.8559474398944
688.4459288870186
2989
785.7245854292983
721.496824971788
2990
785.7245854292983
746.284997035365
2991
783.6589044240002
779.3358931201345
2992
785.7245854292983
804.1240651837115
2993
787.7902664345963
837.174961268481
2994
791.9216284451925
861.9631333320581
2995
796.0529904557886
895.0140294168275
2996
793.9873094504906
919.8022014804046
2997
793.9873094504906
954.9187785704721
2998
791.9216284451925
985.9039936499435
2999
789.8559474398944
1023.086251745309
3000
787.7902664345963
1052.0057858194823
0