2978
779.5275424134038
275.3097278274006
2979
779.5275424134038
291.8351758697853
2980
777.4618614081057
310.4263049174682
2981
775.3961804028077
324.88607195455484
2982
773.3304993975096
345.5428820075357
2983
769.1991373869134
362.0683300499204
2984
767.1334563816154
378.5937780923051
2985
765.0677753763173
399.250588145286
2986
763.0020943710192
413.7103551823726
2987
758.8707323604231
430.2358032247573
2988
756.805051355125
450.8926132777383
2989
752.6736893445288
469.4837423254211
2990
750.6080083392308
488.07487137310386
2991
746.4766463286344
502.5346384101905
2992
744.4109653233363
521.1257674578733
2993
740.2796033127402
537.651215500258
2994
738.2139223074421
554.1766635426427
2995
736.148241302144
570.7021115850274
2996
736.148241302144
595.4902836486045
2997
736.148241302144
609.9500506856912
2998
734.0825602968459
630.606860738672
2999
734.0825602968459
653.3293517969511
3000
732.0168792915479
671.9204808446339
3001
729.9511982862498
694.6429719029128
3002
729.9511982862498
719.4311439664899
3003
729.9511982862498
740.0879540194708
3004
729.9511982862498
766.941807088346
3005
732.0168792915479
787.5986171413269
3006
734.0825602968459
812.386789204904
3007
740.2796033127402
837.174961268481
3008
746.4766463286344
859.89745232676
3009
750.6080083392308
888.8169864009333
3010
754.7393703498269
917.7365204751065
3011
758.8707323604231
940.4590115333855
3012
760.9364133657211
975.5755886234531
3013
763.0020943710192
1002.4294416923282
3014
765.0677753763173
1039.6116997876939
3015
765.0677753763173
1070.5969148671652
0