2993
783.6589044240002
285.6381328538911
2994
785.7245854292983
306.29494290687194
2995
785.7245854292983
326.9517529598529
2996
783.6589044240002
347.60856301283377
2997
781.5932234187019
368.26537306581463
2998
777.4618614081057
390.9878641240937
2999
775.3961804028077
413.7103551823726
3000
773.3304993975096
438.49852724594973
3001
769.1991373869134
465.3523803148249
3002
769.1991373869134
488.07487137310386
3003
767.1334563816154
521.1257674578733
3004
765.0677753763173
547.9796205267485
3005
763.0020943710192
581.0305166115179
3006
763.0020943710192
607.8843696803931
3007
765.0677753763173
643.0009467704606
3008
769.1991373869134
669.8547998393358
3009
773.3304993975096
702.9056959241052
3010
777.4618614081057
729.7595489929804
3011
779.5275424134038
758.6790830671537
3012
781.5932234187019
791.7299791519231
3013
785.7245854292983
816.5181512155001
3014
793.9873094504906
847.5033662949714
3015
800.1843524663848
874.3572193638466
3016
810.5127574928752
905.342434443318
3017
820.8411625193658
932.1962875121931
3018
837.3666105617503
961.1158215863663
3019
855.9577396094332
987.9696746552415
3020
878.6802306677121
1018.9548897347129
3021
899.337040720693
1047.8744238088861
3022
919.993850773674
1072.6625958724633
0