634
777.4618614081057
295.96653788038157
635
777.4618614081057
308.36062391217
636
775.3961804028077
324.88607195455484
637
775.3961804028077
335.2144769810452
638
775.3961804028077
347.60856301283377
639
775.3961804028077
362.0683300499204
640
771.2648183922115
374.46241608170897
641
769.1991373869134
388.9221831187956
642
767.1334563816154
403.38195015588224
643
765.0677753763173
413.7103551823726
644
765.0677753763173
428.17012221945924
645
765.0677753763173
444.69557026184395
646
763.0020943710192
463.28669930952674
647
760.9364133657211
475.6807853413153
648
760.9364133657211
492.2062333837
649
760.9364133657211
510.7973624313829
650
763.0020943710192
531.4541724843638
651
765.0677753763173
547.9796205267485
652
765.0677753763173
566.5707495744313
653
769.1991373869134
583.096197616816
654
771.2648183922115
601.6873266644988
655
773.3304993975096
624.4098177227778
656
775.3961804028077
647.1323087810567
657
779.5275424134038
667.7891188340377
658
783.6589044240002
690.5116098923166
659
787.7902664345963
715.2997819558938
660
796.0529904557886
738.0222730141727
661
800.1843524663848
764.8761260830479
662
808.4470764875771
791.7299791519231
663
814.6441195034715
820.6495132260964
664
822.9068435246638
853.7004093108658
665
829.103886540558
878.4885813744428
666
835.3009295564523
911.5394774592123
667
841.4979725723465
940.4590115333855
668
847.6950155882407
975.5755886234531
669
858.0234206147313
1004.4951226976262
670
870.4175066465198
1043.74306179829
671
880.7459116730104
1070.5969148671652
0