3004
66.86759558556327
785.5329361360288
3005
99.91849167033268
785.5329361360288
3006
132.9693877551021
781.4015741254326
3007
168.0859648451696
779.3358931201345
3008
194.9398179140448
775.2045311095383
3009
223.85935198821795
769.007488093644
3010
254.8445670676893
764.8761260830479
3011
279.6327391312664
760.7447640724517
3012
308.5522732054396
756.6134020618556
3013
333.3404452690167
752.4820400512593
3014
360.1942983378919
748.3506780406632
3015
382.9167893961708
742.1536350247688
3016
399.44223743855554
740.0879540194708
3017
411.8363234703441
735.9565920088746
3018
430.4274525180269
731.8252299982785
3019
442.82153854981533
729.7595489929804
3020
455.2156245816039
725.6281869823842
3021
467.60971061339245
721.496824971788
3022
477.93811563988294
721.496824971788
3023
484.13515865577716
717.3654629611918
3024
492.3978826769696
713.2341009505957
3025
498.5949256928638
713.2341009505957
3026
502.72628770345995
711.1684199452975
3027
506.8576497140561
709.1027389399994
3028
508.92333071935417
707.0370579347014
3029
510.98901172465236
707.0370579347014
3030
510.98901172465236
707.0370579347014
3031
510.98901172465236
707.0370579347014
3032
510.98901172465236
707.0370579347014
3033
510.98901172465236
707.0370579347014
3034
510.98901172465236
707.0370579347014
3035
510.98901172465236
707.0370579347014
3036
510.98901172465236
707.0370579347014
3037
510.98901172465236
707.0370579347014
3038
510.98901172465236
707.0370579347014
3039
510.98901172465236
707.0370579347014
3040
510.98901172465236
707.0370579347014
3041
510.98901172465236
707.0370579347014
3042
510.98901172465236
707.0370579347014
3043
510.98901172465236
707.0370579347014
3044
510.98901172465236
707.0370579347014
3045
510.98901172465236
707.0370579347014
3046
510.98901172465236
707.0370579347014
3047
510.98901172465236
707.0370579347014
3048
517.1860547405465
704.9713769294033
3049
519.2517357458446
702.9056959241052
3050
523.3830977564407
702.9056959241052
3051
531.6458217776333
696.7086529082109
3052
537.8428647935275
696.7086529082109
3053
539.9085457988256
694.6429719029128
3054
544.0399078094217
692.5772908976147
3055
552.3026318306142
686.3802478817205
3056
558.4996748465085
682.2488858711243
3057
568.8280798729988
676.05184285523
3058
575.0251228888931
667.7891188340377
3059
577.0908038941911
663.6577568234414
3060
579.1564848994892
661.5920758181434
3061
581.2221659047873
659.5263948128453
3062
583.2878469100854
657.4607138075472
3063
583.2878469100854
657.4607138075472
3064
583.2878469100854
657.4607138075472
3065
583.2878469100854
657.4607138075472
3066
583.2878469100854
657.4607138075472
3067
583.2878469100854
657.4607138075472
3068
583.2878469100854
657.4607138075472
3069
583.2878469100854
657.4607138075472
3070
583.2878469100854
657.4607138075472
3071
583.2878469100854
657.4607138075472
3072
583.2878469100854
657.4607138075472
3073
583.2878469100854
657.4607138075472
3074
595.681932941874
649.1979897863548
3075
599.8132949524702
649.1979897863548
3076
608.0760189736625
643.0009467704606
3077
616.338742994855
634.7382227492682
3078
624.6014670160473
626.4754987280759
3079
636.9955530478358
618.2127747068835
3080
647.3239580743261
607.8843696803931
3081
655.5866820955187
591.3589216380084
3082
661.7837251114129
581.0305166115179
3083
670.0464491326052
566.5707495744313
3084
680.3748541590955
552.1109825373446
3085
690.7032591855861
539.7168965055561
3086
701.0316642120765
521.1257674578733
3087
711.3600692385669
506.66600042078665
3088
717.5571122544613
496.3375953942963
3089
732.0168792915479
475.6807853413153
3090
744.4109653233363
457.0896562936325
3091
754.7393703498269
442.6298892565459
3092
767.1334563816154
421.973079203565
3093
779.5275424134038
405.4476311611803
3094
791.9216284451925
386.8565021134975
3095
798.1186714610867
372.3967350764109
3096
806.381395482279
351.7399250234299
3097
810.5127574928752
335.2144769810452
3098
816.7098005087696
316.6233479333624
3099
820.8411625193658
304.22926190157386
3100
822.9068435246638
291.8351758697853
3101
822.9068435246638
275.3097278274006
3102
824.9725245299619
258.7842797850159
1