3007
1019.1465390279823
1052.0057858194823
3008
1010.8838150067897
1027.2176137559052
3009
1002.6210909855974
1000.3637606870301
3010
988.1613239485109
975.5755886234531
3011
977.8329189220203
948.7217355545779
3012
965.4388328902319
925.9992444962988
3013
950.9790658531454
899.1453914274236
3014
940.6506608266548
876.4229003691447
3015
930.3222558001644
849.5690473002696
3016
922.0595317789721
822.7151942313944
3017
917.9281697683759
804.1240651837115
3018
911.7311267524815
773.1388501042402
3019
911.7311267524815
752.4820400512593
3020
909.6654457471834
723.5625059770861
3021
909.6654457471834
696.7086529082109
3022
907.5997647418853
676.05184285523
3023
905.5340837365873
651.263670791653
3024
903.4684027312892
632.6725417439701
3025
901.4027217259911
607.8843696803931
3026
899.337040720693
587.2275596274121
3027
895.2056787100969
570.7021115850274
3028
893.1399977047988
547.9796205267485
3029
889.0086356942027
527.3228104737676
3030
891.0743166995007
506.66600042078665
3031
893.1399977047988
492.2062333837
3032
891.0743166995007
469.4837423254211
3033
891.0743166995007
450.8926132777383
3034
891.0743166995007
434.3671652353536
3035
891.0743166995007
415.7760361876707
3036
891.0743166995007
399.250588145286
3037
889.0086356942027
384.79082110819934
3038
884.8772736836065
370.3310540711127
3039
882.8115926783084
355.8712870340262
3040
882.8115926783084
341.41151999693955
3041
882.8115926783084
324.88607195455484
3042
878.6802306677121
314.55766692806435
3043
880.7459116730104
298.03221888567964
3044
880.7459116730104
283.572451848593
3045
880.7459116730104
269.11268481150637
0