3009
814.6441195034715
277.3754088326988
3010
816.7098005087696
291.8351758697853
3011
816.7098005087696
310.4263049174682
3012
816.7098005087696
331.08311497044906
3013
816.7098005087696
347.60856301283377
3014
812.5784384981732
364.1340110552185
3015
812.5784384981732
388.9221831187956
3016
812.5784384981732
407.5133121664784
3017
810.5127574928752
428.17012221945924
3018
806.381395482279
452.95829428303637
3019
804.3157144769809
475.6807853413153
3020
802.2500334716829
496.3375953942963
3021
806.381395482279
521.1257674578733
3022
810.5127574928752
541.7825775108543
3023
814.6441195034715
566.5707495744313
3024
816.7098005087696
591.3589216380084
3025
816.7098005087696
612.0157316909892
3026
816.7098005087696
636.8039037545664
3027
812.5784384981732
665.7234378287395
3028
812.5784384981732
688.4459288870186
3029
808.4470764875771
723.5625059770861
3030
806.381395482279
752.4820400512593
3031
804.3157144769809
787.5986171413269
3032
804.3157144769809
816.5181512155001
3033
804.3157144769809
851.6347283055677
3034
804.3157144769809
882.619943385039
3035
804.3157144769809
917.7365204751065
3036
804.3157144769809
946.6560545492798
3037
800.1843524663848
979.7069506340492
3038
802.2500334716829
1008.6264847082225
3039
802.2500334716829
1039.6116997876939
3040
802.2500334716829
1062.334190845973
0