3018
979.8985999273184
1054.0714668247804
3019
961.3074708796357
1018.9548897347129
3020
948.9133848478473
992.1010366658377
3021
934.4536178107605
959.0501405810683
3022
922.0595317789721
934.2619685174911
3023
911.7311267524815
899.1453914274236
3024
905.5340837365873
868.1601763479523
3025
897.271359715395
833.0435992578848
3026
897.271359715395
810.3211081996059
3027
895.2056787100969
775.2045311095383
3028
895.2056787100969
752.4820400512593
3029
893.1399977047988
719.4311439664899
3030
893.1399977047988
692.5772908976147
3031
891.0743166995007
665.7234378287395
3032
891.0743166995007
643.0009467704606
3033
889.0086356942027
622.3441367174797
3034
889.0086356942027
595.4902836486045
3035
889.0086356942027
572.7677925903256
3036
889.0086356942027
547.9796205267485
3037
891.0743166995007
527.3228104737676
3038
891.0743166995007
506.66600042078665
3039
893.1399977047988
488.07487137310386
3040
895.2056787100969
463.28669930952674
3041
895.2056787100969
446.76125126714203
3042
895.2056787100969
428.17012221945924
3043
895.2056787100969
407.5133121664784
3044
895.2056787100969
390.9878641240937
3045
893.1399977047988
376.52809708700704
3046
893.1399977047988
364.1340110552185
3047
891.0743166995007
347.60856301283377
3048
889.0086356942027
331.08311497044906
3049
886.9429546889046
320.7547099439586
3050
886.9429546889046
308.36062391217
3051
882.8115926783084
293.9008568750835
3052
882.8115926783084
281.50677084329493
3053
880.7459116730104
271.17836581680444
0