3034
798.1186714610867
279.44108983799686
3035
798.1186714610867
293.9008568750835
3036
800.1843524663848
310.4263049174682
3037
802.2500334716829
331.08311497044906
3038
806.381395482279
345.5428820075357
3039
808.4470764875771
366.19969206051655
3040
810.5127574928752
380.6594590976032
3041
814.6441195034715
401.31626915058405
3042
814.6441195034715
417.8417171929689
3043
814.6441195034715
436.43284624065166
3044
812.5784384981732
455.02397528833444
3045
808.4470764875771
471.54942333071915
3046
804.3157144769809
492.2062333837
3047
802.2500334716829
512.863043436681
3048
798.1186714610867
533.5198534896618
3049
798.1186714610867
545.9139395214504
3050
798.1186714610867
566.5707495744313
3051
800.1843524663848
589.2932406327103
3052
800.1843524663848
607.8843696803931
3053
800.1843524663848
628.541179733374
3054
800.1843524663848
651.263670791653
3055
800.1843524663848
669.8547998393358
3056
796.0529904557886
692.5772908976147
3057
793.9873094504906
719.4311439664899
3058
793.9873094504906
740.0879540194708
3059
796.0529904557886
766.941807088346
3060
798.1186714610867
789.664298146625
3061
796.0529904557886
812.386789204904
3062
796.0529904557886
841.3063232790772
3063
798.1186714610867
859.89745232676
3064
798.1186714610867
892.9483484115294
3065
796.0529904557886
917.7365204751065
3066
791.9216284451925
944.5903735439817
3067
789.8559474398944
975.5755886234531
3068
783.6589044240002
998.298079681732
3069
777.4618614081057
1027.2176137559052
3070
771.2648183922115
1049.9401048141842
3071
765.0677753763173
1074.7282768777613
0