3042
781.5932234187019
283.572451848593
3043
781.5932234187019
298.03221888567964
3044
781.5932234187019
310.4263049174682
3045
781.5932234187019
322.82039094925665
3046
783.6589044240002
335.2144769810452
3047
781.5932234187019
347.60856301283377
3048
783.6589044240002
362.0683300499204
3049
781.5932234187019
376.52809708700704
3050
777.4618614081057
388.9221831187956
3051
775.3961804028077
403.38195015588224
3052
773.3304993975096
415.7760361876707
3053
769.1991373869134
428.17012221945924
3054
767.1334563816154
444.69557026184395
3055
765.0677753763173
457.0896562936325
3056
760.9364133657211
473.6151043360172
3057
758.8707323604231
483.9435093625077
3058
758.8707323604231
500.4689574048924
3059
756.805051355125
514.928724441979
3060
758.8707323604231
527.3228104737676
3061
754.7393703498269
541.7825775108543
3062
754.7393703498269
556.2423445479408
3063
752.6736893445288
572.7677925903256
3064
748.5423273339327
589.2932406327103
3065
742.3452843180382
603.7530076697968
3066
736.148241302144
618.2127747068835
3067
732.0168792915479
632.6725417439701
3068
727.8855172809517
653.3293517969511
3069
725.8198362756536
667.7891188340377
3070
725.8198362756536
688.4459288870186
3071
727.8855172809517
707.0370579347014
3072
723.7541552703556
723.5625059770861
3073
721.6884742650575
742.1536350247688
3074
719.6227932597594
764.8761260830479
3075
719.6227932597594
785.5329361360288
3076
717.5571122544613
802.0583841784135
3077
717.5571122544613
824.7808752366925
3078
717.5571122544613
847.5033662949714
3079
719.6227932597594
866.0944953426542
3080
719.6227932597594
884.6856243903371
3081
721.6884742650575
909.4737964539141
3082
725.8198362756536
925.9992444962988
3083
727.8855172809517
944.5903735439817
3084
727.8855172809517
967.3128646022607
3085
732.0168792915479
990.0353556605396
3086
734.0825602968459
1010.6921657135206
3087
740.2796033127402
1033.4146567717994
3088
742.3452843180382
1052.0057858194823
3089
746.4766463286344
1072.6625958724633
0