3043
1498.3845322571387
576.8991546009217
3044
1461.2022741617732
585.161878622114
3045
1424.0200160664076
589.2932406327103
3046
1388.90343897634
597.5559646539026
3047
1353.7868618862726
601.6873266644988
3048
1320.7359658015032
612.0157316909892
3049
1285.6193887114357
620.2784557121817
3050
1252.5684926266663
634.7382227492682
3051
1217.4519155365988
647.1323087810567
3052
1190.5980624677236
657.4607138075472
3053
1169.9412524147426
671.9204808446339
3054
1143.0873993458674
684.3145668764224
3055
1116.2335462769925
704.9713769294033
3056
1095.5767362240115
721.496824971788
3057
1076.9856071763286
740.0879540194708
3058
1054.2631161180498
764.8761260830479
3059
1037.737668075665
787.5986171413269
3060
1025.3435820438765
808.2554271943077
3061
1010.8838150067897
833.0435992578848
3062
998.4897289750013
857.8317713214619
3063
986.0956429432129
882.619943385039
3064
975.7672379167223
911.5394774592123
3065
969.570194900828
938.3933305280874
3066
955.1104278637415
967.3128646022607
3067
940.6506608266548
992.1010366658377
3068
930.3222558001644
1025.151932750607
3069
919.993850773674
1049.9401048141842
1