3065
862.1547826253275
1076.7939578830594
3066
858.0234206147313
1041.677380792992
3067
853.8920586041352
1014.8235277241167
3068
855.9577396094332
983.8383126446454
3069
855.9577396094332
952.853097565174
3070
855.9577396094332
921.8678824857027
3071
855.9577396094332
890.8826674062313
3072
855.9577396094332
864.0288143373562
3073
851.8263775988371
830.9779182525867
3074
851.8263775988371
802.0583841784135
3075
849.760696593539
773.1388501042402
3076
849.760696593539
748.3506780406632
3077
849.760696593539
717.3654629611918
3078
853.8920586041352
696.7086529082109
3079
855.9577396094332
671.9204808446339
3080
858.0234206147313
645.0666277757587
3081
862.1547826253275
624.4098177227778
3082
866.2861446359236
603.7530076697968
3083
872.4831876518178
583.096197616816
3084
876.614549662414
566.5707495744313
3085
878.6802306677121
545.9139395214504
3086
882.8115926783084
527.3228104737676
3087
884.8772736836065
510.7973624313829
3088
886.9429546889046
496.3375953942963
3089
889.0086356942027
481.87782835720964
3090
889.0086356942027
465.3523803148249
3091
891.0743166995007
452.95829428303637
3092
891.0743166995007
440.5642082512478
3093
889.0086356942027
430.2358032247573
3094
889.0086356942027
415.7760361876707
3095
886.9429546889046
403.38195015588224
3096
886.9429546889046
393.05354512939175
3097
884.8772736836065
380.6594590976032
3098
882.8115926783084
370.3310540711127
3099
884.8772736836065
357.93696803932426
3100
882.8115926783084
349.67424401813184
3101
880.7459116730104
339.34583899164136
3102
880.7459116730104
329.017433965151
3103
880.7459116730104
318.6890289386605
3104
880.7459116730104
306.29494290687194
3105
880.7459116730104
293.9008568750835
3106
880.7459116730104
283.572451848593
3107
880.7459116730104
273.2440468221025
3108
880.7459116730104
262.91564179561215
0