3066
769.1991373869134
281.50677084329493
3067
771.2648183922115
300.0978998909777
3068
773.3304993975096
320.7547099439586
3069
775.3961804028077
343.4772010022376
3070
777.4618614081057
362.0683300499204
3071
777.4618614081057
388.9221831187956
3072
779.5275424134038
411.64467417707453
3073
783.6589044240002
432.3014842300554
3074
783.6589044240002
457.0896562936325
3075
787.7902664345963
475.6807853413153
3076
789.8559474398944
498.40327639959435
3077
789.8559474398944
519.0600864525752
3078
791.9216284451925
539.7168965055561
3079
791.9216284451925
562.4393875638351
3080
791.9216284451925
581.0305166115179
3081
789.8559474398944
601.6873266644988
3082
789.8559474398944
622.3441367174797
3083
785.7245854292983
643.0009467704606
3084
785.7245854292983
665.7234378287395
3085
785.7245854292983
680.1832048658262
3086
783.6589044240002
700.8400149188071
3087
783.6589044240002
719.4311439664899
3088
783.6589044240002
738.0222730141727
3089
783.6589044240002
754.5477210565574
3090
783.6589044240002
779.3358931201345
3091
783.6589044240002
795.8613411625192
3092
783.6589044240002
814.452470210202
3093
785.7245854292983
835.1092802631829
3094
785.7245854292983
853.7004093108658
3095
785.7245854292983
868.1601763479523
3096
785.7245854292983
890.8826674062313
3097
785.7245854292983
907.4081154486161
3098
785.7245854292983
919.8022014804046
3099
783.6589044240002
936.3276495227893
3100
781.5932234187019
954.9187785704721
3101
775.3961804028077
969.3785456075587
3102
771.2648183922115
983.8383126446454
3103
771.2648183922115
998.298079681732
3104
769.1991373869134
1012.7578467188187
3105
767.1334563816154
1029.2832947612033
3106
769.1991373869134
1043.74306179829
3107
771.2648183922115
1054.0714668247804
3108
771.2648183922115
1068.5312338618671
0