3095
769.1991373869134
279.44108983799686
3096
767.1334563816154
295.96653788038157
3097
765.0677753763173
312.4919859227663
3098
763.0020943710192
331.08311497044906
3099
758.8707323604231
347.60856301283377
3100
754.7393703498269
368.26537306581463
3101
754.7393703498269
393.05354512939175
3102
748.5423273339327
409.57899317177646
3103
748.5423273339327
432.3014842300554
3104
746.4766463286344
459.1553372989306
3105
744.4109653233363
475.6807853413153
3106
740.2796033127402
502.5346384101905
3107
738.2139223074421
525.2571294684694
3108
736.148241302144
550.0453015320466
3109
736.148241302144
576.8991546009217
3110
736.148241302144
601.6873266644988
3111
736.148241302144
624.4098177227778
3112
738.2139223074421
651.263670791653
3113
740.2796033127402
671.9204808446339
3114
742.3452843180382
700.8400149188071
3115
746.4766463286344
723.5625059770861
3116
750.6080083392308
746.284997035365
3117
750.6080083392308
771.0731690989421
3118
756.805051355125
791.7299791519231
3119
760.9364133657211
814.452470210202
3120
763.0020943710192
835.1092802631829
3121
765.0677753763173
857.8317713214619
3122
765.0677753763173
878.4885813744428
3123
763.0020943710192
901.2110724327217
3124
763.0020943710192
917.7365204751065
3125
763.0020943710192
938.3933305280874
3126
763.0020943710192
956.9844595757702
3127
763.0020943710192
973.509907618155
3128
760.9364133657211
990.0353556605396
3129
754.7393703498269
1006.5608037029244
3130
748.5423273339327
1021.020570740011
3131
744.4109653233363
1041.677380792992
3132
738.2139223074421
1058.2028288353765
0