680
798.1186714610867
306.29494290687194
681
796.0529904557886
324.88607195455484
682
796.0529904557886
343.4772010022376
683
796.0529904557886
362.0683300499204
684
796.0529904557886
384.79082110819934
685
796.0529904557886
409.57899317177646
686
796.0529904557886
428.17012221945924
687
798.1186714610867
455.02397528833444
688
800.1843524663848
477.7464663466134
689
800.1843524663848
504.60031941548857
690
800.1843524663848
535.5855344949599
691
802.2500334716829
560.373706558537
692
802.2500334716829
595.4902836486045
693
802.2500334716829
624.4098177227778
694
804.3157144769809
661.5920758181434
695
806.381395482279
696.7086529082109
696
810.5127574928752
731.8252299982785
697
814.6441195034715
773.1388501042402
698
820.8411625193658
810.3211081996059
699
827.03820553526
855.7660903161639
700
831.1695675458561
901.2110724327217
701
837.3666105617503
942.5246925386837
702
845.6293345829426
987.9696746552415
703
853.8920586041352
1037.5460187823958
0