3105
992.2926859591071
1049.9401048141842
3106
990.227004953809
1014.8235277241167
3107
994.3583669644051
977.6412696287512
3108
1000.5554099802994
942.5246925386837
3109
1008.8181340014917
907.4081154486161
3110
1017.0808580226842
874.3572193638466
3111
1027.4092630491746
839.240642273779
3112
1037.737668075665
808.2554271943077
3113
1048.0660731021555
775.2045311095383
3114
1062.525840139242
746.284997035365
3115
1072.8542451657324
713.2341009505957
3116
1081.116969186925
686.3802478817205
3117
1087.3140122028192
655.3950328022491
3118
1093.5110552187134
628.541179733374
3119
1097.6424172293096
597.5559646539026
3120
1099.7080982346076
568.6364305797293
3121
1099.7080982346076
545.9139395214504
3122
1095.5767362240115
516.9944054472771
3123
1087.3140122028192
492.2062333837
3124
1074.9199261710305
469.4837423254211
3125
1060.460159133944
446.76125126714203
3126
1046.0003920968572
430.2358032247573
3127
1031.5406250597707
405.4476311611803
3128
1017.0808580226842
390.9878641240937
3129
1002.6210909855974
370.3310540711127
3130
988.1613239485109
351.7399250234299
3131
971.6358759061261
335.2144769810452
3132
961.3074708796357
316.6233479333624
3133
948.9133848478473
304.22926190157386
3134
936.5192988160586
285.6381328538911
3135
926.1908937895682
269.11268481150637
3136
917.9281697683759
256.7185987797178
0