3142
746.4766463286344
271.17836581680444
3143
746.4766463286344
287.70381385918915
3144
744.4109653233363
302.1635808962758
3145
742.3452843180382
320.7547099439586
3146
742.3452843180382
335.2144769810452
3147
742.3452843180382
353.805606028728
3148
744.4109653233363
366.19969206051655
3149
744.4109653233363
386.8565021134975
3150
740.2796033127402
405.4476311611803
3151
738.2139223074421
421.973079203565
3152
736.148241302144
440.5642082512478
3153
736.148241302144
457.0896562936325
3154
732.0168792915479
475.6807853413153
3155
732.0168792915479
492.2062333837
3156
732.0168792915479
510.7973624313829
3157
732.0168792915479
529.3884914790657
3158
732.0168792915479
547.9796205267485
3159
732.0168792915479
566.5707495744313
3160
729.9511982862498
591.3589216380084
3161
729.9511982862498
609.9500506856912
3162
725.8198362756536
628.541179733374
3163
725.8198362756536
651.263670791653
3164
725.8198362756536
671.9204808446339
3165
725.8198362756536
696.7086529082109
3166
725.8198362756536
723.5625059770861
3167
725.8198362756536
742.1536350247688
3168
727.8855172809517
766.941807088346
3169
727.8855172809517
793.7956601572212
3170
725.8198362756536
814.452470210202
3171
725.8198362756536
841.3063232790772
3172
727.8855172809517
864.0288143373562
3173
725.8198362756536
890.8826674062313
3174
727.8855172809517
915.6708394698085
3175
727.8855172809517
936.3276495227893
3176
727.8855172809517
961.1158215863663
3177
727.8855172809517
981.7726316393473
3178
729.9511982862498
1006.5608037029244
3179
736.148241302144
1029.2832947612033
3180
736.148241302144
1045.808742803588
3181
736.148241302144
1068.5312338618671
0