3158
922.0595317789721
1058.2028288353765
3159
919.993850773674
1033.4146567717994
3160
915.8624887630779
1014.8235277241167
3161
911.7311267524815
992.1010366658377
3162
907.5997647418853
969.3785456075587
3163
903.4684027312892
948.7217355545779
3164
901.4027217259911
928.0649255015969
3165
901.4027217259911
905.342434443318
3166
901.4027217259911
886.7513053956352
3167
903.4684027312892
864.0288143373562
3168
903.4684027312892
845.4376852896734
3169
903.4684027312892
826.8465562419906
3170
903.4684027312892
808.2554271943077
3171
905.5340837365873
789.664298146625
3172
909.6654457471834
769.007488093644
3173
913.7968077577796
750.4163590459613
3174
917.9281697683759
729.7595489929804
3175
922.0595317789721
715.2997819558938
3176
924.1252127842702
696.7086529082109
3177
926.1908937895682
682.2488858711243
3178
928.2565747948663
665.7234378287395
3179
928.2565747948663
649.1979897863548
3180
930.3222558001644
634.7382227492682
3181
928.2565747948663
622.3441367174797
3182
924.1252127842702
609.9500506856912
3183
922.0595317789721
597.5559646539026
3184
919.993850773674
587.2275596274121
3185
917.9281697683759
574.8334735956237
3186
915.8624887630779
562.4393875638351
3187
913.7968077577796
552.1109825373446
3188
913.7968077577796
545.9139395214504
3189
907.5997647418853
533.5198534896618
3190
901.4027217259911
521.1257674578733
3191
897.271359715395
512.863043436681
3192
893.1399977047988
502.5346384101905
3193
889.0086356942027
492.2062333837
3194
889.0086356942027
481.87782835720964
3195
886.9429546889046
471.54942333071915
3196
884.8772736836065
465.3523803148249
3197
882.8115926783084
455.02397528833444
3198
882.8115926783084
448.8269322724402
3199
880.7459116730104
440.5642082512478
3200
878.6802306677121
432.3014842300554
3201
878.6802306677121
426.10444121416117
3202
878.6802306677121
417.8417171929689
3203
878.6802306677121
411.64467417707453
3204
878.6802306677121
403.38195015588224
3205
878.6802306677121
395.1192261346898
3206
878.6802306677121
384.79082110819934
3207
878.6802306677121
378.5937780923051
3208
878.6802306677121
372.3967350764109
3209
878.6802306677121
364.1340110552185
3210
878.6802306677121
357.93696803932426
3211
878.6802306677121
347.60856301283377
3212
878.6802306677121
339.34583899164136
3213
878.6802306677121
333.14879597574713
3214
876.614549662414
326.9517529598529
3215
876.614549662414
320.7547099439586
3216
876.614549662414
314.55766692806435
3217
876.614549662414
308.36062391217
3218
874.5488686571159
298.03221888567964
3219
874.5488686571159
289.7694948644872
3220
874.5488686571159
283.572451848593
3221
874.5488686571159
277.3754088326988
3222
874.5488686571159
273.2440468221025
3223
872.4831876518178
264.9813228009102
0