3161
717.5571122544613
283.572451848593
3162
717.5571122544613
293.9008568750835
3163
713.425750243865
306.29494290687194
3164
715.491431249163
318.6890289386605
3165
711.3600692385669
329.017433965151
3166
711.3600692385669
341.41151999693955
3167
707.2287072279707
353.805606028728
3168
705.1630262226727
364.1340110552185
3169
701.0316642120765
376.52809708700704
3170
696.9003022014804
388.9221831187956
3171
694.8346211961823
401.31626915058405
3172
692.7689401908842
415.7760361876707
3173
690.7032591855861
426.10444121416117
3174
688.6375781802881
444.69557026184395
3175
690.7032591855861
457.0896562936325
3176
690.7032591855861
473.6151043360172
3177
694.8346211961823
486.0091903678058
3178
694.8346211961823
498.40327639959435
3179
698.9659832067784
519.0600864525752
3180
698.9659832067784
533.5198534896618
3181
696.9003022014804
547.9796205267485
3182
698.9659832067784
562.4393875638351
3183
696.9003022014804
578.9648356062198
3184
694.8346211961823
597.5559646539026
3185
690.7032591855861
616.1470937015854
3186
690.7032591855861
632.6725417439701
3187
688.6375781802881
651.263670791653
3188
690.7032591855861
665.7234378287395
3189
688.6375781802881
684.3145668764224
3190
692.7689401908842
702.9056959241052
3191
696.9003022014804
727.6938679876823
3192
701.0316642120765
742.1536350247688
3193
707.2287072279707
762.8104450777498
3194
713.425750243865
783.4672551307307
3195
717.5571122544613
802.0583841784135
3196
719.6227932597594
826.8465562419906
3197
719.6227932597594
849.5690473002696
3198
721.6884742650575
868.1601763479523
3199
721.6884742650575
892.9483484115294
3200
719.6227932597594
917.7365204751065
3201
717.5571122544613
940.4590115333855
3202
717.5571122544613
967.3128646022607
3203
717.5571122544613
990.0353556605396
3204
713.425750243865
1018.9548897347129
3205
713.425750243865
1045.808742803588
3206
711.3600692385669
1066.465552856569
0