3163
1554.1579194001872
533.5198534896618
3164
1519.0413423101197
529.3884914790657
3165
1477.727722204158
525.2571294684694
3166
1444.6768261193886
519.0600864525752
3167
1411.6259300346192
512.863043436681
3168
1376.5093529445514
506.66600042078665
3169
1347.5898188703784
502.5346384101905
3170
1314.538922785609
498.40327639959435
3171
1281.4880267008396
494.2719143889981
3172
1252.5684926266663
490.14055237840194
3173
1221.583277547195
486.0091903678058
3174
1194.7294244783197
479.81214735191156
3175
1169.9412524147426
475.6807853413153
3176
1149.2844423617619
471.54942333071915
3177
1130.693313314079
467.418061320123
3178
1114.1678652716944
461.22101830422866
3179
1097.6424172293096
457.0896562936325
3180
1081.116969186925
450.8926132777383
3181
1062.525840139242
446.76125126714203
3182
1043.9347110915592
440.5642082512478
3183
1027.4092630491746
434.3671652353536
3184
1008.8181340014917
424.0387602088631
3185
994.3583669644051
413.7103551823726
3186
981.9642809326167
401.31626915058405
3187
969.570194900828
386.8565021134975
3188
959.2417898743377
374.46241608170897
3189
948.9133848478473
360.00264904462233
3190
940.6506608266548
347.60856301283377
3191
930.3222558001644
335.2144769810452
3192
924.1252127842702
318.6890289386605
3193
919.993850773674
308.36062391217
3194
915.8624887630779
291.8351758697853
3195
909.6654457471834
275.3097278274006
3196
905.5340837365873
262.91564179561215
2