3171
785.7245854292983
269.11268481150637
3172
785.7245854292983
289.7694948644872
3173
787.7902664345963
310.4263049174682
3174
789.8559474398944
333.14879597574713
3175
791.9216284451925
353.805606028728
3176
793.9873094504906
376.52809708700704
3177
793.9873094504906
405.4476311611803
3178
796.0529904557886
428.17012221945924
3179
793.9873094504906
457.0896562936325
3180
787.7902664345963
479.81214735191156
3181
787.7902664345963
504.60031941548857
3182
785.7245854292983
533.5198534896618
3183
785.7245854292983
558.308025553239
3184
785.7245854292983
587.2275596274121
3185
785.7245854292983
614.0814126962873
3186
789.8559474398944
647.1323087810567
3187
789.8559474398944
673.9861618499319
3188
791.9216284451925
713.2341009505957
3189
791.9216284451925
742.1536350247688
3190
791.9216284451925
781.4015741254326
3191
791.9216284451925
816.5181512155001
3192
793.9873094504906
855.7660903161639
3193
798.1186714610867
897.0797104221256
3194
802.2500334716829
934.2619685174911
3195
812.5784384981732
979.7069506340492
3196
818.7754815140677
1023.086251745309
3197
831.1695675458561
1066.465552856569
0