3172
988.1613239485109
1058.2028288353765
3173
988.1613239485109
1031.3489757665016
3174
986.0956429432129
1010.6921657135206
3175
981.9642809326167
987.9696746552415
3176
979.8985999273184
963.1815025916644
3177
979.8985999273184
940.4590115333855
3178
977.8329189220203
915.6708394698085
3179
975.7672379167223
890.8826674062313
3180
971.6358759061261
872.2915383585486
3181
969.570194900828
847.5033662949714
3182
967.50451389553
830.9779182525867
3183
967.50451389553
812.386789204904
3184
969.570194900828
795.8613411625192
3185
969.570194900828
777.2702121148363
3186
973.7015569114242
762.8104450777498
3187
975.7672379167223
748.3506780406632
3188
977.8329189220203
735.9565920088746
3189
977.8329189220203
723.5625059770861
3190
984.0299619379148
711.1684199452975
3191
984.0299619379148
704.9713769294033
3192
984.0299619379148
698.774333913509
3193
984.0299619379148
692.5772908976147
3194
986.0956429432129
684.3145668764224
3195
988.1613239485109
678.1175238605281
3196
988.1613239485109
669.8547998393358
3197
988.1613239485109
659.5263948128453
3198
988.1613239485109
649.1979897863548
3199
990.227004953809
638.8695847598644
3200
986.0956429432129
630.606860738672
3201
986.0956429432129
624.4098177227778
3202
986.0956429432129
612.0157316909892
3203
984.0299619379148
603.7530076697968
3204
979.8985999273184
591.3589216380084
3205
979.8985999273184
581.0305166115179
3206
977.8329189220203
572.7677925903256
3207
973.7015569114242
566.5707495744313
3208
971.6358759061261
558.308025553239
3209
967.50451389553
550.0453015320466
3210
965.4388328902319
543.8482585161523
3211
959.2417898743377
537.651215500258
3212
957.1761088690396
535.5855344949599
3213
955.1104278637415
527.3228104737676
3214
950.9790658531454
519.0600864525752
3215
946.8477038425492
512.863043436681
3216
942.7163418319528
506.66600042078665
3217
934.4536178107605
498.40327639959435
3218
932.3879368054625
492.2062333837
3219
928.2565747948663
483.9435093625077
3220
922.0595317789721
475.6807853413153
3221
919.993850773674
467.418061320123
3222
913.7968077577796
459.1553372989306
3223
913.7968077577796
450.8926132777383
3224
909.6654457471834
442.6298892565459
3225
907.5997647418853
436.43284624065166
3226
905.5340837365873
426.10444121416117
3227
903.4684027312892
417.8417171929689
3228
901.4027217259911
409.57899317177646
3229
901.4027217259911
401.31626915058405
3230
897.271359715395
393.05354512939175
3231
897.271359715395
382.72514010290126
3232
893.1399977047988
376.52809708700704
3233
891.0743166995007
366.19969206051655
3234
893.1399977047988
360.00264904462233
3235
891.0743166995007
351.7399250234299
3236
889.0086356942027
345.5428820075357
3237
886.9429546889046
337.2801579863433
3238
886.9429546889046
329.017433965151
3239
886.9429546889046
320.7547099439586
3240
884.8772736836065
314.55766692806435
3241
884.8772736836065
310.4263049174682
3242
882.8115926783084
304.22926190157386
3243
882.8115926783084
298.03221888567964
3244
882.8115926783084
291.8351758697853
3245
882.8115926783084
287.70381385918915
3246
882.8115926783084
283.572451848593
3247
882.8115926783084
277.3754088326988
3248
880.7459116730104
271.17836581680444
3249
880.7459116730104
269.11268481150637
0