3173
1583.0774534743603
529.3884914790657
3174
1541.7638333683988
527.3228104737676
3175
1500.4502132624368
525.2571294684694
3176
1459.136593156475
525.2571294684694
3177
1419.8886540558115
525.2571294684694
3178
1382.706395960446
521.1257674578733
3179
1345.5241378650803
516.9944054472771
3180
1310.4075607750126
514.928724441979
3181
1277.3566646902434
508.7316814260847
3182
1244.3057686054738
504.60031941548857
3183
1213.3205535260026
500.4689574048924
3184
1186.4667004571274
494.2719143889981
3185
1157.5471663829542
490.14055237840194
3186
1132.758994319377
483.9435093625077
3187
1107.9708222558
479.81214735191156
3188
1085.248331197521
473.6151043360172
3189
1064.5915211445401
465.3523803148249
3190
1046.0003920968572
457.0896562936325
3191
1031.5406250597707
448.8269322724402
3192
1017.0808580226842
436.43284624065166
3193
1004.6867719908955
428.17012221945924
3194
992.2926859591071
413.7103551823726
3195
981.9642809326167
401.31626915058405
3196
975.7672379167223
386.8565021134975
3197
969.570194900828
372.3967350764109
3198
965.4388328902319
364.1340110552185
3199
957.1761088690396
347.60856301283377
3200
955.1104278637415
335.2144769810452
3201
953.0447468584434
322.82039094925665
3202
953.0447468584434
306.29494290687194
3203
948.9133848478473
289.7694948644872
3204
944.7820228372509
277.3754088326988
3205
940.6506608266548
262.91564179561215
2