3174
816.7098005087696
281.50677084329493
3175
816.7098005087696
302.1635808962758
3176
816.7098005087696
320.7547099439586
3177
816.7098005087696
339.34583899164136
3178
814.6441195034715
353.805606028728
3179
814.6441195034715
374.46241608170897
3180
812.5784384981732
397.1849071399879
3181
806.381395482279
413.7103551823726
3182
804.3157144769809
432.3014842300554
3183
802.2500334716829
450.8926132777383
3184
796.0529904557886
467.418061320123
3185
791.9216284451925
481.87782835720964
3186
783.6589044240002
500.4689574048924
3187
773.3304993975096
519.0600864525752
3188
765.0677753763173
537.651215500258
3189
752.6736893445288
554.1766635426427
3190
736.148241302144
574.8334735956237
3191
719.6227932597594
595.4902836486045
3192
703.0973452173746
609.9500506856912
3193
678.3091731537975
630.606860738672
3194
649.3896390796242
653.3293517969511
3195
622.5357860107492
669.8547998393358
3196
593.616251936576
688.4459288870186
3197
556.4339938412104
709.1027389399994
3198
517.1860547405465
725.6281869823842
3199
477.93811563988294
738.0222730141727
3200
430.4274525180269
752.4820400512593
3201
374.6540653749784
766.941807088346
3202
325.0777212478243
775.2045311095383
3203
269.30433410477593
785.5329361360288
3204
211.4652659564294
791.7299791519231
3205
155.69187881338104
799.9927031731154
3206
97.85281066503461
804.1240651837115
2