3175
897.271359715395
1074.7282768777613
3176
895.2056787100969
1033.4146567717994
3177
893.1399977047988
1000.3637606870301
3178
889.0086356942027
965.2471835969625
3179
884.8772736836065
938.3933305280874
3180
878.6802306677121
905.342434443318
3181
872.4831876518178
882.619943385039
3182
866.2861446359236
855.7660903161639
3183
860.0891016200294
830.9779182525867
3184
855.9577396094332
810.3211081996059
3185
855.9577396094332
787.5986171413269
3186
853.8920586041352
764.8761260830479
3187
858.0234206147313
748.3506780406632
3188
860.0891016200294
727.6938679876823
3189
862.1547826253275
711.1684199452975
3190
862.1547826253275
696.7086529082109
3191
864.2204636306255
680.1832048658262
3192
862.1547826253275
665.7234378287395
3193
860.0891016200294
653.3293517969511
3194
858.0234206147313
638.8695847598644
3195
853.8920586041352
626.4754987280759
3196
851.8263775988371
609.9500506856912
3197
845.6293345829426
599.6216456592007
3198
839.4322915670484
585.161878622114
3199
835.3009295564523
574.8334735956237
3200
833.2352485511542
564.5050685691332
3201
829.103886540558
550.0453015320466
3202
829.103886540558
543.8482585161523
3203
829.103886540558
531.4541724843638
3204
827.03820553526
521.1257674578733
3205
827.03820553526
510.7973624313829
3206
827.03820553526
498.40327639959435
3207
824.9725245299619
492.2062333837
3208
827.03820553526
477.7464663466134
3209
829.103886540558
465.3523803148249
3210
829.103886540558
450.8926132777383
3211
829.103886540558
442.6298892565459
3212
833.2352485511542
432.3014842300554
3213
831.1695675458561
424.0387602088631
3214
833.2352485511542
405.4476311611803
3215
835.3009295564523
397.1849071399879
3216
833.2352485511542
382.72514010290126
3217
835.3009295564523
372.3967350764109
3218
833.2352485511542
360.00264904462233
3219
833.2352485511542
349.67424401813184
3220
833.2352485511542
337.2801579863433
3221
831.1695675458561
324.88607195455484
3222
831.1695675458561
310.4263049174682
3223
829.103886540558
298.03221888567964
3224
829.103886540558
285.6381328538911
3225
829.103886540558
277.3754088326988
3226
829.103886540558
262.91564179561215
0