769
777.4618614081057
295.96653788038157
770
775.3961804028077
318.6890289386605
771
771.2648183922115
339.34583899164136
772
769.1991373869134
355.8712870340262
773
763.0020943710192
376.52809708700704
774
758.8707323604231
397.1849071399879
775
750.6080083392308
417.8417171929689
776
744.4109653233363
440.5642082512478
777
736.148241302144
463.28669930952674
778
729.9511982862498
483.9435093625077
779
723.7541552703556
512.863043436681
780
717.5571122544613
537.651215500258
781
713.425750243865
564.5050685691332
782
711.3600692385669
593.4246026433065
783
711.3600692385669
620.2784557121817
784
709.2943882332688
655.3950328022491
785
711.3600692385669
682.2488858711243
786
713.425750243865
719.4311439664899
787
717.5571122544613
748.3506780406632
788
721.6884742650575
785.5329361360288
789
725.8198362756536
818.5838322207983
790
729.9511982862498
853.7004093108658
791
738.2139223074421
897.0797104221256
792
742.3452843180382
934.2619685174911
793
754.7393703498269
981.7726316393473
794
765.0677753763173
1021.020570740011
795
779.5275424134038
1064.3998718512707
0