3179
990.227004953809
1056.1371478300784
3180
977.8329189220203
1027.2176137559052
3181
963.3731518849338
1004.4951226976262
3182
948.9133848478473
979.7069506340492
3183
934.4536178107605
956.9844595757702
3184
924.1252127842702
934.2619685174911
3185
913.7968077577796
909.4737964539141
3186
907.5997647418853
888.8169864009333
3187
901.4027217259911
868.1601763479523
3188
897.271359715395
843.3720042843753
3189
893.1399977047988
822.7151942313944
3190
891.0743166995007
806.1897461890096
3191
889.0086356942027
787.5986171413269
3192
889.0086356942027
766.941807088346
3193
889.0086356942027
754.5477210565574
3194
886.9429546889046
740.0879540194708
3195
889.0086356942027
721.496824971788
3196
889.0086356942027
709.1027389399994
3197
886.9429546889046
694.6429719029128
3198
889.0086356942027
684.3145668764224
3199
886.9429546889046
667.7891188340377
3200
889.0086356942027
653.3293517969511
3201
886.9429546889046
638.8695847598644
3202
886.9429546889046
628.541179733374
3203
886.9429546889046
614.0814126962873
3204
886.9429546889046
599.6216456592007
3205
882.8115926783084
585.161878622114
3206
880.7459116730104
570.7021115850274
3207
878.6802306677121
562.4393875638351
3208
876.614549662414
550.0453015320466
3209
876.614549662414
535.5855344949599
3210
874.5488686571159
523.1914484631714
3211
874.5488686571159
510.7973624313829
3212
874.5488686571159
496.3375953942963
3213
874.5488686571159
486.0091903678058
3214
874.5488686571159
473.6151043360172
3215
874.5488686571159
461.22101830422866
3216
874.5488686571159
448.8269322724402
3217
876.614549662414
438.49852724594973
3218
878.6802306677121
428.17012221945924
3219
878.6802306677121
417.8417171929689
3220
878.6802306677121
409.57899317177646
3221
878.6802306677121
397.1849071399879
3222
878.6802306677121
388.9221831187956
3223
878.6802306677121
380.6594590976032
3224
878.6802306677121
370.3310540711127
3225
874.5488686571159
362.0683300499204
3226
874.5488686571159
353.805606028728
3227
874.5488686571159
347.60856301283377
3228
874.5488686571159
339.34583899164136
3229
874.5488686571159
333.14879597574713
3230
874.5488686571159
329.017433965151
3231
874.5488686571159
322.82039094925665
3232
874.5488686571159
316.6233479333624
3233
874.5488686571159
312.4919859227663
3234
874.5488686571159
304.22926190157386
3235
874.5488686571159
300.0978998909777
3236
872.4831876518178
293.9008568750835
3237
872.4831876518178
287.70381385918915
3238
872.4831876518178
283.572451848593
3239
872.4831876518178
275.3097278274006
3240
872.4831876518178
271.17836581680444
3241
872.4831876518178
267.0470038062083
0