3180
1578.946091463764
539.7168965055561
3181
1537.6324713578024
531.4541724843638
3182
1500.4502132624368
523.1914484631714
3183
1467.3993171776674
512.863043436681
3184
1438.4797831034941
502.5346384101905
3185
1405.4288870187247
494.2719143889981
3186
1376.5093529445514
486.0091903678058
3187
1345.5241378650803
475.6807853413153
3188
1318.6702847962051
465.3523803148249
3189
1291.81643172733
457.0896562936325
3190
1269.0939406690509
448.8269322724402
3191
1248.4371306160701
440.5642082512478
3192
1231.9116825736853
432.3014842300554
3193
1213.3205535260026
428.17012221945924
3194
1194.7294244783197
421.973079203565
3195
1178.203976435935
415.7760361876707
3196
1165.8098904041465
409.57899317177646
3197
1151.35012336706
405.4476311611803
3198
1141.0217183405694
401.31626915058405
3199
1124.4962702981848
395.1192261346898
3200
1112.102184266396
388.9221831187956
3201
1099.7080982346076
378.5937780923051
3202
1087.3140122028192
370.3310540711127
3203
1076.9856071763286
362.0683300499204
3204
1062.525840139242
351.7399250234299
3205
1052.1974351127517
343.4772010022376
3206
1039.803349080963
337.2801579863433
3207
1035.6719870703669
326.9517529598529
3208
1019.1465390279823
316.6233479333624
3209
1006.7524529961936
306.29494290687194
3210
992.2926859591071
293.9008568750835
3211
977.8329189220203
283.572451848593
3212
963.3731518849338
275.3097278274006
3213
955.1104278637415
262.91564179561215
2