3191
942.7163418319528
1066.465552856569
3192
936.5192988160586
1037.5460187823958
3193
932.3879368054625
1014.8235277241167
3194
926.1908937895682
992.1010366658377
3195
926.1908937895682
965.2471835969625
3196
922.0595317789721
942.5246925386837
3197
922.0595317789721
919.8022014804046
3198
919.993850773674
897.0797104221256
3199
917.9281697683759
876.4229003691447
3200
917.9281697683759
855.7660903161639
3201
915.8624887630779
837.174961268481
3202
911.7311267524815
818.5838322207983
3203
909.6654457471834
802.0583841784135
3204
907.5997647418853
781.4015741254326
3205
903.4684027312892
766.941807088346
3206
903.4684027312892
766.941807088346
3207
899.337040720693
733.8909110035765
3208
895.2056787100969
717.3654629611918
3209
891.0743166995007
704.9713769294033
3210
889.0086356942027
690.5116098923166
3211
889.0086356942027
676.05184285523
3212
886.9429546889046
661.5920758181434
3213
889.0086356942027
647.1323087810567
3214
895.2056787100969
632.6725417439701
3215
899.337040720693
620.2784557121817
3216
899.337040720693
609.9500506856912
3217
903.4684027312892
597.5559646539026
3218
905.5340837365873
587.2275596274121
3219
903.4684027312892
572.7677925903256
3220
905.5340837365873
566.5707495744313
3221
907.5997647418853
556.2423445479408
3222
909.6654457471834
545.9139395214504
3223
911.7311267524815
535.5855344949599
3224
911.7311267524815
525.2571294684694
3225
913.7968077577796
514.928724441979
3226
915.8624887630779
504.60031941548857
3227
915.8624887630779
496.3375953942963
3228
919.993850773674
486.0091903678058
3229
922.0595317789721
477.7464663466134
3230
922.0595317789721
467.418061320123
3231
922.0595317789721
457.0896562936325
3232
922.0595317789721
446.76125126714203
3233
919.993850773674
432.3014842300554
3234
917.9281697683759
424.0387602088631
3235
915.8624887630779
415.7760361876707
3236
913.7968077577796
405.4476311611803
3237
911.7311267524815
395.1192261346898
3238
907.5997647418853
388.9221831187956
3239
905.5340837365873
382.72514010290126
3240
903.4684027312892
370.3310540711127
3241
903.4684027312892
362.0683300499204
3242
901.4027217259911
353.805606028728
3243
901.4027217259911
349.67424401813184
3244
897.271359715395
343.4772010022376
3245
893.1399977047988
335.2144769810452
3246
893.1399977047988
331.08311497044906
3247
893.1399977047988
322.82039094925665
3248
893.1399977047988
316.6233479333624
3249
891.0743166995007
312.4919859227663
3250
891.0743166995007
306.29494290687194
3251
891.0743166995007
300.0978998909777
3252
891.0743166995007
295.96653788038157
3253
891.0743166995007
289.7694948644872
3254
893.1399977047988
287.70381385918915
3255
893.1399977047988
279.44108983799686
3256
891.0743166995007
275.3097278274006
3257
891.0743166995007
267.0470038062083
3258
891.0743166995007
258.7842797850159
0