3192
1566.5520054319757
531.4541724843638
3193
1537.6324713578024
527.3228104737676
3194
1510.7786182889274
523.1914484631714
3195
1485.9904462253503
516.9944054472771
3196
1461.2022741617732
514.928724441979
3197
1436.414102098196
508.7316814260847
3198
1417.8229730505134
502.5346384101905
3199
1393.0348009869363
496.3375953942963
3200
1372.3779909339553
492.2062333837
3201
1353.7868618862726
486.0091903678058
3202
1333.1300518332916
477.7464663466134
3203
1312.473241780311
471.54942333071915
3204
1293.882112732628
467.418061320123
3205
1275.290983684945
461.22101830422866
3206
1254.6341736319644
457.0896562936325
3207
1240.1744065948776
452.95829428303637
3208
1221.583277547195
448.8269322724402
3209
1209.1891915154063
442.6298892565459
3210
1192.6637434730217
440.5642082512478
3211
1176.1382954306368
434.3671652353536
3212
1163.7442093988484
430.2358032247573
3213
1149.2844423617619
421.973079203565
3214
1136.8903563299732
415.7760361876707
3215
1122.4305892928867
409.57899317177646
3216
1107.9708222558
405.4476311611803
3217
1093.5110552187134
399.250588145286
3218
1083.182650192223
388.9221831187956
3219
1074.9199261710305
384.79082110819934
3220
1066.6572021498382
378.5937780923051
3221
1058.394478128646
372.3967350764109
3222
1052.1974351127517
364.1340110552185
3223
1046.0003920968572
360.00264904462233
3224
1041.869030086261
353.805606028728
3225
1039.803349080963
351.7399250234299
3226
1033.6063060650688
343.4772010022376
3227
1029.4749440544726
339.34583899164136
3228
1025.3435820438765
337.2801579863433
3229
1019.1465390279823
331.08311497044906
3230
1008.8181340014917
324.88607195455484
3231
1002.6210909855974
320.7547099439586
3232
1000.5554099802994
316.6233479333624
3233
996.4240479697032
312.4919859227663
3234
990.227004953809
306.29494290687194
3235
984.0299619379148
302.1635808962758
3236
979.8985999273184
298.03221888567964
3237
977.8329189220203
295.96653788038157
3238
973.7015569114242
293.9008568750835
3239
967.50451389553
287.70381385918915
3240
965.4388328902319
283.572451848593
3241
961.3074708796357
277.3754088326988
3242
955.1104278637415
271.17836581680444
3243
953.0447468584434
262.91564179561215
2