3197
765.0677753763173
277.3754088326988
3198
765.0677753763173
300.0978998909777
3199
763.0020943710192
322.82039094925665
3200
763.0020943710192
345.5428820075357
3201
763.0020943710192
370.3310540711127
3202
760.9364133657211
397.1849071399879
3203
758.8707323604231
415.7760361876707
3204
756.805051355125
438.49852724594973
3205
754.7393703498269
463.28669930952674
3206
754.7393703498269
483.9435093625077
3207
752.6736893445288
504.60031941548857
3208
752.6736893445288
523.1914484631714
3209
748.5423273339327
539.7168965055561
3210
746.4766463286344
556.2423445479408
3211
742.3452843180382
572.7677925903256
3212
740.2796033127402
591.3589216380084
3213
736.148241302144
603.7530076697968
3214
734.0825602968459
622.3441367174797
3215
732.0168792915479
636.8039037545664
3216
729.9511982862498
655.3950328022491
3217
727.8855172809517
669.8547998393358
3218
725.8198362756536
690.5116098923166
3219
721.6884742650575
713.2341009505957
3220
723.7541552703556
731.8252299982785
3221
725.8198362756536
758.6790830671537
3222
729.9511982862498
785.5329361360288
3223
734.0825602968459
808.2554271943077
3224
738.2139223074421
839.240642273779
3225
740.2796033127402
866.0944953426542
3226
740.2796033127402
899.1453914274236
3227
738.2139223074421
928.0649255015969
3228
736.148241302144
956.9844595757702
3229
732.0168792915479
985.9039936499435
3230
729.9511982862498
1014.8235277241167
3231
736.148241302144
1043.74306179829
3232
744.4109653233363
1066.465552856569
0