3198
1010.8838150067897
1070.5969148671652
3199
1012.949496012088
1041.677380792992
3200
1012.949496012088
1014.8235277241167
3201
1010.8838150067897
985.9039936499435
3202
1004.6867719908955
956.9844595757702
3203
998.4897289750013
936.3276495227893
3204
990.227004953809
905.342434443318
3205
984.0299619379148
886.7513053956352
3206
977.8329189220203
859.89745232676
3207
971.6358759061261
833.0435992578848
3208
967.50451389553
816.5181512155001
3209
963.3731518849338
795.8613411625192
3210
957.1761088690396
773.1388501042402
3211
955.1104278637415
756.6134020618556
3212
953.0447468584434
740.0879540194708
3213
948.9133848478473
721.496824971788
3214
946.8477038425492
704.9713769294033
3215
944.7820228372509
692.5772908976147
3216
944.7820228372509
678.1175238605281
3217
944.7820228372509
665.7234378287395
3218
944.7820228372509
655.3950328022491
3219
942.7163418319528
643.0009467704606
3220
942.7163418319528
632.6725417439701
3221
942.7163418319528
622.3441367174797
3222
942.7163418319528
612.0157316909892
3223
940.6506608266548
601.6873266644988
3224
942.7163418319528
593.4246026433065
3225
942.7163418319528
581.0305166115179
3226
942.7163418319528
576.8991546009217
3227
940.6506608266548
568.6364305797293
3228
938.5849798213567
560.373706558537
3229
938.5849798213567
547.9796205267485
3230
936.5192988160586
539.7168965055561
3231
932.3879368054625
529.3884914790657
3232
928.2565747948663
516.9944054472771
3233
928.2565747948663
510.7973624313829
3234
926.1908937895682
500.4689574048924
3235
926.1908937895682
488.07487137310386
3236
924.1252127842702
479.81214735191156
3237
924.1252127842702
471.54942333071915
3238
926.1908937895682
463.28669930952674
3239
926.1908937895682
457.0896562936325
3240
926.1908937895682
448.8269322724402
3241
926.1908937895682
442.6298892565459
3242
926.1908937895682
434.3671652353536
3243
926.1908937895682
426.10444121416117
3244
926.1908937895682
415.7760361876707
3245
926.1908937895682
405.4476311611803
3246
928.2565747948663
399.250588145286
3247
928.2565747948663
388.9221831187956
3248
928.2565747948663
380.6594590976032
3249
928.2565747948663
372.3967350764109
3250
928.2565747948663
364.1340110552185
3251
926.1908937895682
355.8712870340262
3252
924.1252127842702
351.7399250234299
3253
924.1252127842702
343.4772010022376
3254
919.993850773674
337.2801579863433
3255
917.9281697683759
331.08311497044906
3256
915.8624887630779
324.88607195455484
3257
913.7968077577796
316.6233479333624
3258
911.7311267524815
312.4919859227663
3259
909.6654457471834
306.29494290687194
3260
907.5997647418853
302.1635808962758
3261
903.4684027312892
295.96653788038157
3262
903.4684027312892
289.7694948644872
3263
901.4027217259911
281.50677084329493
3264
901.4027217259911
275.3097278274006
3265
899.337040720693
269.11268481150637
3266
899.337040720693
264.9813228009102
3267
897.271359715395
262.91564179561215
0