3211
760.9364133657211
273.2440468221025
3212
758.8707323604231
289.7694948644872
3213
758.8707323604231
310.4263049174682
3214
758.8707323604231
329.017433965151
3215
756.805051355125
347.60856301283377
3216
756.805051355125
368.26537306581463
3217
754.7393703498269
388.9221831187956
3218
754.7393703498269
409.57899317177646
3219
752.6736893445288
428.17012221945924
3220
754.7393703498269
450.8926132777383
3221
754.7393703498269
475.6807853413153
3222
756.805051355125
492.2062333837
3223
758.8707323604231
516.9944054472771
3224
758.8707323604231
535.5855344949599
3225
760.9364133657211
560.373706558537
3226
765.0677753763173
585.161878622114
3227
765.0677753763173
607.8843696803931
3228
765.0677753763173
636.8039037545664
3229
765.0677753763173
663.6577568234414
3230
763.0020943710192
688.4459288870186
3231
763.0020943710192
717.3654629611918
3232
765.0677753763173
746.284997035365
3233
767.1334563816154
777.2702121148363
3234
771.2648183922115
804.1240651837115
3235
773.3304993975096
839.240642273779
3236
777.4618614081057
868.1601763479523
3237
779.5275424134038
903.2767534380199
3238
779.5275424134038
936.3276495227893
3239
781.5932234187019
973.509907618155
3240
781.5932234187019
1006.5608037029244
3241
783.6589044240002
1047.8744238088861
3242
783.6589044240002
1072.6625958724633
0