3224
763.0020943710192
267.0470038062083
3225
760.9364133657211
283.572451848593
3226
758.8707323604231
300.0978998909777
3227
754.7393703498269
320.7547099439586
3228
750.6080083392308
339.34583899164136
3229
748.5423273339327
355.8712870340262
3230
748.5423273339327
376.52809708700704
3231
746.4766463286344
399.250588145286
3232
744.4109653233363
417.8417171929689
3233
742.3452843180382
440.5642082512478
3234
738.2139223074421
465.3523803148249
3235
732.0168792915479
479.81214735191156
3236
727.8855172809517
504.60031941548857
3237
721.6884742650575
529.3884914790657
3238
721.6884742650575
554.1766635426427
3239
723.7541552703556
583.096197616816
3240
727.8855172809517
609.9500506856912
3241
732.0168792915479
643.0009467704606
3242
736.148241302144
671.9204808446339
3243
744.4109653233363
707.0370579347014
3244
750.6080083392308
735.9565920088746
3245
767.1334563816154
769.007488093644
3246
791.9216284451925
793.7956601572212
3247
816.7098005087696
818.5838322207983
3248
843.5636535776446
849.5690473002696
3249
862.1547826253275
884.6856243903371
3250
870.4175066465198
921.8678824857027
3251
878.6802306677121
975.5755886234531
3252
882.8115926783084
1023.086251745309
3253
891.0743166995007
1072.6625958724633
0