3225
1574.814729453168
529.3884914790657
3226
1545.895195378995
525.2571294684694
3227
1519.0413423101197
521.1257674578733
3228
1494.2531702465426
516.9944054472771
3229
1467.3993171776674
514.928724441979
3230
1442.6111451140903
510.7973624313829
3231
1415.7572920452153
506.66600042078665
3232
1388.90343897634
504.60031941548857
3233
1362.049585907465
498.40327639959435
3234
1335.1957328385897
494.2719143889981
3235
1310.4075607750126
483.9435093625077
3236
1287.6850697167338
477.7464663466134
3237
1269.0939406690509
469.4837423254211
3238
1250.5028116213682
459.1553372989306
3239
1231.9116825736853
450.8926132777383
3240
1211.2548725207046
444.69557026184395
3241
1192.6637434730217
436.43284624065166
3242
1176.1382954306368
430.2358032247573
3243
1155.481485377656
424.0387602088631
3244
1138.9560373352713
415.7760361876707
3245
1122.4305892928867
409.57899317177646
3246
1103.8394602452038
401.31626915058405
3247
1089.3796932081173
395.1192261346898
3248
1079.051288181627
390.9878641240937
3249
1066.6572021498382
386.8565021134975
3250
1056.3287971233478
380.6594590976032
3251
1046.0003920968572
378.5937780923051
3252
1035.6719870703669
372.3967350764109
3253
1025.3435820438765
366.19969206051655
3254
1017.0808580226842
364.1340110552185
3255
1012.949496012088
357.93696803932426
3256
1004.6867719908955
355.8712870340262
3257
996.4240479697032
351.7399250234299
3258
990.227004953809
345.5428820075357
3259
986.0956429432129
339.34583899164136
3260
979.8985999273184
335.2144769810452
3261
971.6358759061261
326.9517529598529
3262
969.570194900828
322.82039094925665
3263
963.3731518849338
312.4919859227663
3264
959.2417898743377
306.29494290687194
3265
955.1104278637415
298.03221888567964
3266
950.9790658531454
291.8351758697853
3267
948.9133848478473
283.572451848593
3268
946.8477038425492
275.3097278274006
3269
944.7820228372509
269.11268481150637
3270
942.7163418319528
258.7842797850159
2