3231
742.3452843180382
275.3097278274006
3232
738.2139223074421
287.70381385918915
3233
734.0825602968459
302.1635808962758
3234
729.9511982862498
320.7547099439586
3235
727.8855172809517
337.2801579863433
3236
725.8198362756536
351.7399250234299
3237
725.8198362756536
368.26537306581463
3238
725.8198362756536
382.72514010290126
3239
727.8855172809517
401.31626915058405
3240
727.8855172809517
419.90739819826695
3241
729.9511982862498
438.49852724594973
3242
727.8855172809517
455.02397528833444
3243
727.8855172809517
475.6807853413153
3244
725.8198362756536
490.14055237840194
3245
723.7541552703556
512.863043436681
3246
719.6227932597594
531.4541724843638
3247
717.5571122544613
550.0453015320466
3248
715.491431249163
570.7021115850274
3249
711.3600692385669
591.3589216380084
3250
705.1630262226727
612.0157316909892
3251
696.9003022014804
630.606860738672
3252
678.3091731537975
653.3293517969511
3253
665.915087122009
671.9204808446339
3254
643.19259606373
690.5116098923166
3255
618.4044240001531
711.1684199452975
3256
595.681932941874
731.8252299982785
3257
570.8937608782969
748.3506780406632
3258
539.9085457988256
769.007488093644
3259
506.8576497140561
781.4015741254326
3260
469.6753916186905
793.7956601572212
3261
430.4274525180269
797.9270221678173
3262
387.048151406767
812.386789204904
3263
341.603169290209
818.5838322207983
3264
294.09250616835305
824.7808752366925
3265
246.581843046497
826.8465562419906
3266
201.13686092993902
828.9122372472887
3267
149.49483579748681
833.0435992578848
3268
104.04985368092883
837.174961268481
2