782
756.805051355125
300.0978998909777
783
754.7393703498269
326.9517529598529
784
752.6736893445288
351.7399250234299
785
752.6736893445288
380.6594590976032
786
752.6736893445288
409.57899317177646
787
752.6736893445288
436.43284624065166
788
752.6736893445288
469.4837423254211
789
752.6736893445288
496.3375953942963
790
752.6736893445288
531.4541724843638
791
750.6080083392308
560.373706558537
792
750.6080083392308
597.5559646539026
793
752.6736893445288
636.8039037545664
794
754.7393703498269
669.8547998393358
795
758.8707323604231
711.1684199452975
796
763.0020943710192
748.3506780406632
797
767.1334563816154
793.7956601572212
798
769.1991373869134
839.240642273779
799
771.2648183922115
882.619943385039
800
775.3961804028077
932.1962875121931
801
773.3304993975096
983.8383126446454
802
775.3961804028077
1039.6116997876939
0