3231
926.1908937895682
1066.465552856569
3232
922.0595317789721
1037.5460187823958
3233
917.9281697683759
1014.8235277241167
3234
913.7968077577796
990.0353556605396
3235
905.5340837365873
965.2471835969625
3236
903.4684027312892
944.5903735439817
3237
901.4027217259911
923.9335634910008
3238
899.337040720693
901.2110724327217
3239
897.271359715395
888.8169864009333
3240
895.2056787100969
864.0288143373562
3241
893.1399977047988
847.5033662949714
3242
891.0743166995007
830.9779182525867
3243
889.0086356942027
816.5181512155001
3244
882.8115926783084
799.9927031731154
3245
878.6802306677121
781.4015741254326
3246
872.4831876518178
762.8104450777498
3247
870.4175066465198
748.3506780406632
3248
864.2204636306255
731.8252299982785
3249
862.1547826253275
713.2341009505957
3250
862.1547826253275
696.7086529082109
3251
862.1547826253275
676.05184285523
3252
862.1547826253275
663.6577568234414
3253
858.0234206147313
645.0666277757587
3254
858.0234206147313
632.6725417439701
3255
858.0234206147313
618.2127747068835
3256
858.0234206147313
605.818688675095
3257
860.0891016200294
591.3589216380084
3258
860.0891016200294
576.8991546009217
3259
860.0891016200294
568.6364305797293
3260
862.1547826253275
556.2423445479408
3261
868.3518256412217
541.7825775108543
3262
872.4831876518178
531.4541724843638
3263
876.614549662414
516.9944054472771
3264
880.7459116730104
506.66600042078665
3265
884.8772736836065
494.2719143889981
3266
889.0086356942027
483.9435093625077
3267
889.0086356942027
469.4837423254211
3268
889.0086356942027
461.22101830422866
3269
891.0743166995007
446.76125126714203
3270
891.0743166995007
440.5642082512478
3271
891.0743166995007
428.17012221945924
3272
891.0743166995007
417.8417171929689
3273
893.1399977047988
405.4476311611803
3274
891.0743166995007
395.1192261346898
3275
889.0086356942027
384.79082110819934
3276
884.8772736836065
370.3310540711127
3277
882.8115926783084
362.0683300499204
3278
882.8115926783084
349.67424401813184
3279
882.8115926783084
339.34583899164136
3280
880.7459116730104
326.9517529598529
3281
884.8772736836065
314.55766692806435
3282
886.9429546889046
302.1635808962758
3283
891.0743166995007
289.7694948644872
3284
891.0743166995007
279.44108983799686
3285
893.1399977047988
271.17836581680444
0