3241
789.8559474398944
275.3097278274006
3242
789.8559474398944
287.70381385918915
3243
787.7902664345963
304.22926190157386
3244
787.7902664345963
322.82039094925665
3245
785.7245854292983
339.34583899164136
3246
785.7245854292983
353.805606028728
3247
783.6589044240002
370.3310540711127
3248
783.6589044240002
393.05354512939175
3249
779.5275424134038
411.64467417707453
3250
779.5275424134038
430.2358032247573
3251
773.3304993975096
448.8269322724402
3252
771.2648183922115
467.418061320123
3253
765.0677753763173
486.0091903678058
3254
758.8707323604231
508.7316814260847
3255
754.7393703498269
529.3884914790657
3256
750.6080083392308
547.9796205267485
3257
746.4766463286344
568.6364305797293
3258
742.3452843180382
591.3589216380084
3259
740.2796033127402
612.0157316909892
3260
740.2796033127402
638.8695847598644
3261
740.2796033127402
663.6577568234414
3262
742.3452843180382
684.3145668764224
3263
742.3452843180382
715.2997819558938
3264
738.2139223074421
740.0879540194708
3265
734.0825602968459
769.007488093644
3266
732.0168792915479
797.9270221678173
3267
727.8855172809517
830.9779182525867
3268
725.8198362756536
857.8317713214619
3269
723.7541552703556
895.0140294168275
3270
721.6884742650575
923.9335634910008
3271
719.6227932597594
961.1158215863663
3272
719.6227932597594
990.0353556605396
3273
717.5571122544613
1027.2176137559052
3274
711.3600692385669
1054.0714668247804
0