3243
694.8346211961823
1064.3998718512707
3244
705.1630262226727
1045.808742803588
3245
713.425750243865
1031.3489757665016
3246
719.6227932597594
1023.086251745309
3247
725.8198362756536
1016.8892087294148
3248
732.0168792915479
1010.6921657135206
3249
736.148241302144
1000.3637606870301
3250
744.4109653233363
992.1010366658377
3251
750.6080083392308
977.6412696287512
3252
758.8707323604231
963.1815025916644
3253
767.1334563816154
948.7217355545779
3254
773.3304993975096
928.0649255015969
3255
781.5932234187019
911.5394774592123
3256
793.9873094504906
890.8826674062313
3257
806.381395482279
872.2915383585486
3258
818.7754815140677
847.5033662949714
3259
829.103886540558
826.8465562419906
3260
839.4322915670484
806.1897461890096
3261
855.9577396094332
783.4672551307307
3262
862.1547826253275
760.7447640724517
3263
872.4831876518178
744.2193160300669
3264
880.7459116730104
719.4311439664899
3265
886.9429546889046
700.8400149188071
3266
889.0086356942027
684.3145668764224
3267
889.0086356942027
665.7234378287395
3268
889.0086356942027
649.1979897863548
3269
889.0086356942027
632.6725417439701
3270
891.0743166995007
614.0814126962873
3271
893.1399977047988
597.5559646539026
3272
895.2056787100969
581.0305166115179
3273
895.2056787100969
570.7021115850274
3274
895.2056787100969
554.1766635426427
3275
895.2056787100969
541.7825775108543
3276
893.1399977047988
525.2571294684694
3277
893.1399977047988
514.928724441979
3278
893.1399977047988
504.60031941548857
3279
891.0743166995007
490.14055237840194
3280
889.0086356942027
477.7464663466134
3281
886.9429546889046
469.4837423254211
3282
886.9429546889046
459.1553372989306
3283
884.8772736836065
448.8269322724402
3284
882.8115926783084
440.5642082512478
3285
882.8115926783084
430.2358032247573
3286
882.8115926783084
417.8417171929689
3287
884.8772736836065
411.64467417707453
3288
886.9429546889046
401.31626915058405
3289
889.0086356942027
390.9878641240937
3290
891.0743166995007
378.5937780923051
3291
889.0086356942027
374.46241608170897
3292
886.9429546889046
362.0683300499204
3293
884.8772736836065
353.805606028728
3294
882.8115926783084
343.4772010022376
3295
882.8115926783084
333.14879597574713
3296
882.8115926783084
322.82039094925665
3297
882.8115926783084
314.55766692806435
3298
882.8115926783084
302.1635808962758
3299
882.8115926783084
293.9008568750835
3300
880.7459116730104
283.572451848593
3301
880.7459116730104
273.2440468221025
3302
878.6802306677121
262.91564179561215
0