3265
767.1334563816154
1070.5969148671652
3266
779.5275424134038
1025.151932750607
3267
787.7902664345963
990.0353556605396
3268
796.0529904557886
950.787416559876
3269
804.3157144769809
905.342434443318
3270
808.4470764875771
874.3572193638466
3271
812.5784384981732
839.240642273779
3272
818.7754815140677
810.3211081996059
3273
824.9725245299619
773.1388501042402
3274
835.3009295564523
752.4820400512593
3275
845.6293345829426
723.5625059770861
3276
855.9577396094332
700.8400149188071
3277
862.1547826253275
678.1175238605281
3278
870.4175066465198
657.4607138075472
3279
878.6802306677121
636.8039037545664
3280
886.9429546889046
618.2127747068835
3281
893.1399977047988
599.6216456592007
3282
899.337040720693
578.9648356062198
3283
903.4684027312892
560.373706558537
3284
909.6654457471834
541.7825775108543
3285
911.7311267524815
523.1914484631714
3286
915.8624887630779
506.66600042078665
3287
917.9281697683759
494.2719143889981
3288
917.9281697683759
477.7464663466134
3289
922.0595317789721
465.3523803148249
3290
922.0595317789721
450.8926132777383
3291
924.1252127842702
436.43284624065166
3292
924.1252127842702
428.17012221945924
3293
924.1252127842702
413.7103551823726
3294
924.1252127842702
397.1849071399879
3295
922.0595317789721
380.6594590976032
3296
924.1252127842702
368.26537306581463
3297
924.1252127842702
355.8712870340262
3298
924.1252127842702
339.34583899164136
3299
924.1252127842702
320.7547099439586
3300
924.1252127842702
310.4263049174682
3301
924.1252127842702
295.96653788038157
3302
924.1252127842702
277.3754088326988
3303
919.993850773674
264.9813228009102
0