3275
818.7754815140677
1070.5969148671652
3276
820.8411625193658
1031.3489757665016
3277
824.9725245299619
1000.3637606870301
3278
829.103886540558
963.1815025916644
3279
833.2352485511542
932.1962875121931
3280
841.4979725723465
897.0797104221256
3281
847.6950155882407
870.2258573532504
3282
858.0234206147313
837.174961268481
3283
862.1547826253275
810.3211081996059
3284
870.4175066465198
775.2045311095383
3285
874.5488686571159
756.6134020618556
3286
880.7459116730104
727.6938679876823
3287
884.8772736836065
702.9056959241052
3288
891.0743166995007
682.2488858711243
3289
893.1399977047988
657.4607138075472
3290
893.1399977047988
638.8695847598644
3291
897.271359715395
620.2784557121817
3292
897.271359715395
601.6873266644988
3293
901.4027217259911
581.0305166115179
3294
901.4027217259911
568.6364305797293
3295
903.4684027312892
554.1766635426427
3296
903.4684027312892
539.7168965055561
3297
905.5340837365873
523.1914484631714
3298
905.5340837365873
510.7973624313829
3299
905.5340837365873
498.40327639959435
3300
907.5997647418853
488.07487137310386
3301
907.5997647418853
475.6807853413153
3302
909.6654457471834
465.3523803148249
3303
909.6654457471834
452.95829428303637
3304
909.6654457471834
440.5642082512478
3305
909.6654457471834
430.2358032247573
3306
909.6654457471834
417.8417171929689
3307
905.5340837365873
403.38195015588224
3308
903.4684027312892
390.9878641240937
3309
901.4027217259911
378.5937780923051
3310
899.337040720693
362.0683300499204
3311
897.271359715395
349.67424401813184
3312
897.271359715395
335.2144769810452
3313
895.2056787100969
318.6890289386605
3314
895.2056787100969
308.36062391217
3315
895.2056787100969
293.9008568750835
3316
893.1399977047988
281.50677084329493
3317
893.1399977047988
269.11268481150637
0