3278
1576.8804104584663
556.2423445479408
3279
1552.0922383948891
556.2423445479408
3280
1531.4354283419082
556.2423445479408
3281
1508.7129372836291
554.1766635426427
3282
1485.9904462253503
552.1109825373446
3283
1463.2679551670712
550.0453015320466
3284
1444.6768261193886
550.0453015320466
3285
1424.0200160664076
547.9796205267485
3286
1403.3632060134266
543.8482585161523
3287
1386.837757971042
541.7825775108543
3288
1364.115266912763
537.651215500258
3289
1349.6554998756765
537.651215500258
3290
1331.0643708279936
535.5855344949599
3291
1314.538922785609
531.4541724843638
3292
1300.0791557485222
531.4541724843638
3293
1281.4880267008396
529.3884914790657
3294
1264.9625786584547
525.2571294684694
3295
1250.5028116213682
521.1257674578733
3296
1233.9773635789834
516.9944054472771
3297
1219.5175965418969
510.7973624313829
3298
1205.0578295048101
508.7316814260847
3299
1192.6637434730217
502.5346384101905
3300
1182.3353384465313
496.3375953942963
3301
1169.9412524147426
494.2719143889981
3302
1157.5471663829542
483.9435093625077
3303
1147.2187613564638
477.7464663466134
3304
1136.8903563299732
469.4837423254211
3305
1126.5619513034828
465.3523803148249
3306
1120.3649082875886
455.02397528833444
3307
1112.102184266396
448.8269322724402
3308
1103.8394602452038
440.5642082512478
3309
1097.6424172293096
434.3671652353536
3310
1089.3796932081173
428.17012221945924
3311
1081.116969186925
419.90739819826695
3312
1072.8542451657324
413.7103551823726
3313
1064.5915211445401
403.38195015588224
3314
1054.2631161180498
397.1849071399879
3315
1046.0003920968572
388.9221831187956
3316
1039.803349080963
380.6594590976032
3317
1031.5406250597707
374.46241608170897
3318
1025.3435820438765
364.1340110552185
3319
1019.1465390279823
357.93696803932426
3320
1015.0151770173861
349.67424401813184
3321
1008.8181340014917
341.41151999693955
3322
1002.6210909855974
329.017433965151
3323
1000.5554099802994
322.82039094925665
3324
994.3583669644051
316.6233479333624
3325
990.227004953809
304.22926190157386
3326
984.0299619379148
298.03221888567964
3327
975.7672379167223
287.70381385918915
3328
973.7015569114242
277.3754088326988
3329
967.50451389553
267.0470038062083
2