3282
787.7902664345963
277.3754088326988
3283
783.6589044240002
291.8351758697853
3284
779.5275424134038
310.4263049174682
3285
775.3961804028077
331.08311497044906
3286
773.3304993975096
349.67424401813184
3287
771.2648183922115
368.26537306581463
3288
769.1991373869134
388.9221831187956
3289
769.1991373869134
409.57899317177646
3290
767.1334563816154
430.2358032247573
3291
769.1991373869134
452.95829428303637
3292
767.1334563816154
475.6807853413153
3293
767.1334563816154
494.2719143889981
3294
765.0677753763173
523.1914484631714
3295
758.8707323604231
541.7825775108543
3296
756.805051355125
568.6364305797293
3297
750.6080083392308
593.4246026433065
3298
748.5423273339327
618.2127747068835
3299
740.2796033127402
645.0666277757587
3300
738.2139223074421
669.8547998393358
3301
734.0825602968459
702.9056959241052
3302
727.8855172809517
729.7595489929804
3303
725.8198362756536
756.6134020618556
3304
721.6884742650575
787.5986171413269
3305
719.6227932597594
814.452470210202
3306
717.5571122544613
843.3720042843753
3307
717.5571122544613
866.0944953426542
3308
713.425750243865
897.0797104221256
3309
711.3600692385669
921.8678824857027
3310
707.2287072279707
944.5903735439817
3311
705.1630262226727
967.3128646022607
3312
703.0973452173746
985.9039936499435
3313
698.9659832067784
1006.5608037029244
3314
692.7689401908842
1027.2176137559052
3315
686.57189717499
1045.808742803588
3316
682.4405351643939
1064.3998718512707
0