3284
721.6884742650575
281.50677084329493
3285
719.6227932597594
293.9008568750835
3286
719.6227932597594
310.4263049174682
3287
721.6884742650575
322.82039094925665
3288
721.6884742650575
341.41151999693955
3289
721.6884742650575
349.67424401813184
3290
723.7541552703556
368.26537306581463
3291
725.8198362756536
380.6594590976032
3292
723.7541552703556
395.1192261346898
3293
721.6884742650575
411.64467417707453
3294
721.6884742650575
426.10444121416117
3295
723.7541552703556
440.5642082512478
3296
721.6884742650575
461.22101830422866
3297
721.6884742650575
475.6807853413153
3298
721.6884742650575
492.2062333837
3299
723.7541552703556
510.7973624313829
3300
725.8198362756536
527.3228104737676
3301
729.9511982862498
541.7825775108543
3302
732.0168792915479
560.373706558537
3303
734.0825602968459
578.9648356062198
3304
738.2139223074421
597.5559646539026
3305
740.2796033127402
614.0814126962873
3306
742.3452843180382
632.6725417439701
3307
742.3452843180382
653.3293517969511
3308
744.4109653233363
673.9861618499319
3309
744.4109653233363
694.6429719029128
3310
744.4109653233363
715.2997819558938
3311
744.4109653233363
731.8252299982785
3312
742.3452843180382
752.4820400512593
3313
740.2796033127402
777.2702121148363
3314
738.2139223074421
793.7956601572212
3315
740.2796033127402
818.5838322207983
3316
738.2139223074421
843.3720042843753
3317
738.2139223074421
861.9631333320581
3318
738.2139223074421
886.7513053956352
3319
738.2139223074421
909.4737964539141
3320
738.2139223074421
928.0649255015969
3321
740.2796033127402
948.7217355545779
3322
742.3452843180382
969.3785456075587
3323
744.4109653233363
987.9696746552415
3324
742.3452843180382
1006.5608037029244
3325
740.2796033127402
1027.2176137559052
3326
738.2139223074421
1045.808742803588
3327
736.148241302144
1060.2685098406746
0