3285
1570.6833674425718
570.7021115850274
3286
1550.026557389591
570.7021115850274
3287
1527.304066331312
566.5707495744313
3288
1502.515894267735
562.4393875638351
3289
1481.8590842147541
564.5050685691332
3290
1461.2022741617732
558.308025553239
3291
1438.4797831034941
558.308025553239
3292
1421.9543350611095
556.2423445479408
3293
1401.2975250081286
552.1109825373446
3294
1382.706395960446
550.0453015320466
3295
1362.049585907465
547.9796205267485
3296
1343.4584568597822
545.9139395214504
3297
1326.9330088173974
543.8482585161523
3298
1308.3418797697145
539.7168965055561
3299
1291.81643172733
537.651215500258
3300
1277.3566646902434
529.3884914790657
3301
1260.8312166478586
527.3228104737676
3302
1250.5028116213682
519.0600864525752
3303
1240.1744065948776
519.0600864525752
3304
1227.7803205630892
510.7973624313829
3305
1217.4519155365988
506.66600042078665
3306
1205.0578295048101
502.5346384101905
3307
1196.7951054836178
498.40327639959435
3308
1184.4010194518294
494.2719143889981
3309
1176.1382954306368
488.07487137310386
3310
1167.8755714094445
486.0091903678058
3311
1157.5471663829542
479.81214735191156
3312
1145.1530803511657
473.6151043360172
3313
1134.8246753246751
469.4837423254211
3314
1124.4962702981848
461.22101830422866
3315
1112.102184266396
455.02397528833444
3316
1101.7737792399057
446.76125126714203
3317
1089.3796932081173
438.49852724594973
3318
1076.9856071763286
426.10444121416117
3319
1062.525840139242
417.8417171929689
3320
1046.0003920968572
413.7103551823726
3321
1027.4092630491746
401.31626915058405
3322
1017.0808580226842
395.1192261346898
3323
1002.6210909855974
380.6594590976032
3324
988.1613239485109
372.3967350764109
3325
981.9642809326167
360.00264904462233
3326
971.6358759061261
347.60856301283377
3327
959.2417898743377
335.2144769810452
3328
946.8477038425492
322.82039094925665
3329
938.5849798213567
312.4919859227663
3330
930.3222558001644
300.0978998909777
3331
919.993850773674
285.6381328538911
3332
911.7311267524815
271.17836581680444
2