3313
843.5636535776446
1068.5312338618671
3314
849.760696593539
1045.808742803588
3315
855.9577396094332
1027.2176137559052
3316
860.0891016200294
1010.6921657135206
3317
864.2204636306255
990.0353556605396
3318
868.3518256412217
967.3128646022607
3319
868.3518256412217
948.7217355545779
3320
868.3518256412217
928.0649255015969
3321
866.2861446359236
901.2110724327217
3322
862.1547826253275
884.6856243903371
3323
853.8920586041352
859.89745232676
3324
847.6950155882407
839.240642273779
3325
839.4322915670484
818.5838322207983
3326
837.3666105617503
799.9927031731154
3327
831.1695675458561
775.2045311095383
3328
827.03820553526
756.6134020618556
3329
822.9068435246638
735.9565920088746
3330
824.9725245299619
717.3654629611918
3331
824.9725245299619
696.7086529082109
3332
827.03820553526
680.1832048658262
3333
829.103886540558
661.5920758181434
3334
829.103886540558
649.1979897863548
3335
835.3009295564523
630.606860738672
3336
837.3666105617503
622.3441367174797
3337
841.4979725723465
607.8843696803931
3338
847.6950155882407
591.3589216380084
3339
851.8263775988371
581.0305166115179
3340
853.8920586041352
570.7021115850274
3341
860.0891016200294
560.373706558537
3342
864.2204636306255
552.1109825373446
3343
870.4175066465198
541.7825775108543
3344
874.5488686571159
531.4541724843638
3345
878.6802306677121
519.0600864525752
3346
882.8115926783084
510.7973624313829
3347
882.8115926783084
502.5346384101905
3348
884.8772736836065
490.14055237840194
3349
886.9429546889046
481.87782835720964
3350
886.9429546889046
471.54942333071915
3351
889.0086356942027
465.3523803148249
3352
893.1399977047988
457.0896562936325
3353
895.2056787100969
450.8926132777383
3354
899.337040720693
440.5642082512478
3355
901.4027217259911
432.3014842300554
3356
903.4684027312892
426.10444121416117
3357
907.5997647418853
417.8417171929689
3358
909.6654457471834
407.5133121664784
3359
909.6654457471834
399.250588145286
3360
909.6654457471834
390.9878641240937
3361
911.7311267524815
378.5937780923051
3362
911.7311267524815
370.3310540711127
3363
909.6654457471834
360.00264904462233
3364
909.6654457471834
347.60856301283377
3365
909.6654457471834
339.34583899164136
3366
907.5997647418853
331.08311497044906
3367
903.4684027312892
318.6890289386605
3368
901.4027217259911
312.4919859227663
3369
899.337040720693
300.0978998909777
3370
895.2056787100969
291.8351758697853
3371
893.1399977047988
281.50677084329493
3372
891.0743166995007
275.3097278274006
3373
889.0086356942027
264.9813228009102
0