2
769.2296146476474
276.42414887645907
3
765.0489964580875
299.4175489190394
4
765.0489964580875
322.41094896161974
5
767.1393055528674
343.3140399094201
6
767.1393055528674
366.30743995200044
7
771.3199237424276
395.5717672789209
8
773.4102328372076
420.6554764162813
9
775.5005419319875
447.8294946484218
10
779.6811601215477
475.0035128805622
11
788.0423965006678
506.35814930226275
12
790.1327055954478
535.6224766291832
13
794.3133237850079
577.4286585247838
14
800.584251069348
610.8736040412643
15
804.764869258908
646.4088586525249
16
813.1261056380281
684.0344223585655
17
817.3067238275883
725.8406042541662
18
825.6679602067084
773.9177134341069
19
834.0291965858285
817.8142044244876
20
842.3904329649486
867.9816226992084
21
846.5710511545087
911.8781136895891
22
846.5710511545087
966.22615015387
23
846.5710511545087
1022.6644957129308
24
846.5710511545087
1072.8319139876517
0