828
754.7393703498269
304.22926190157386
829
754.7393703498269
324.88607195455484
830
756.805051355125
343.4772010022376
831
756.805051355125
362.0683300499204
832
758.8707323604231
382.72514010290126
833
758.8707323604231
403.38195015588224
834
763.0020943710192
419.90739819826695
835
765.0677753763173
440.5642082512478
836
769.1991373869134
463.28669930952674
837
777.4618614081057
479.81214735191156
838
785.7245854292983
496.3375953942963
839
796.0529904557886
519.0600864525752
840
810.5127574928752
537.651215500258
841
824.9725245299619
554.1766635426427
842
845.6293345829426
572.7677925903256
843
868.3518256412217
591.3589216380084
844
895.2056787100969
605.818688675095
845
928.2565747948663
620.2784557121817
846
965.4388328902319
632.6725417439701
847
1015.0151770173861
643.0009467704606
848
1058.394478128646
651.263670791653
849
1107.9708222558
655.3950328022491
850
1161.6785283935503
655.3950328022491
851
1211.2548725207046
653.3293517969511
852
1262.8968976531567
653.3293517969511
853
1312.473241780311
653.3293517969511
854
1368.2466289233591
649.1979897863548
855
1421.9543350611095
647.1323087810567
856
1475.66204119886
645.0666277757587
857
1527.304066331312
640.9352657651625
858
1578.946091463764
632.6725417439701
1