3332
779.5275424134038
269.11268481150637
3333
777.4618614081057
285.6381328538911
3334
773.3304993975096
306.29494290687194
3335
767.1334563816154
326.9517529598529
3336
763.0020943710192
345.5428820075357
3337
760.9364133657211
366.19969206051655
3338
756.805051355125
386.8565021134975
3339
750.6080083392308
405.4476311611803
3340
748.5423273339327
428.17012221945924
3341
746.4766463286344
448.8269322724402
3342
746.4766463286344
473.6151043360172
3343
748.5423273339327
490.14055237840194
3344
750.6080083392308
514.928724441979
3345
754.7393703498269
533.5198534896618
3346
756.805051355125
552.1109825373446
3347
763.0020943710192
576.8991546009217
3348
769.1991373869134
599.6216456592007
3349
775.3961804028077
616.1470937015854
3350
781.5932234187019
638.8695847598644
3351
785.7245854292983
661.5920758181434
3352
787.7902664345963
680.1832048658262
3353
787.7902664345963
704.9713769294033
3354
785.7245854292983
727.6938679876823
3355
781.5932234187019
750.4163590459613
3356
777.4618614081057
777.2702121148363
3357
777.4618614081057
797.9270221678173
3358
775.3961804028077
822.7151942313944
3359
777.4618614081057
849.5690473002696
3360
781.5932234187019
870.2258573532504
3361
781.5932234187019
895.0140294168275
3362
781.5932234187019
919.8022014804046
3363
775.3961804028077
940.4590115333855
3364
771.2648183922115
959.0501405810683
3365
763.0020943710192
977.6412696287512
3366
756.805051355125
998.298079681732
3367
754.7393703498269
1016.8892087294148
3368
742.3452843180382
1043.74306179829
3369
736.148241302144
1064.3998718512707
0