3333
1581.0117724690624
560.373706558537
3334
1556.2236004054853
558.308025553239
3335
1527.304066331312
556.2423445479408
3336
1500.4502132624368
554.1766635426427
3337
1473.5963601935616
554.1766635426427
3338
1450.8738691352828
550.0453015320466
3339
1426.0856970717057
547.9796205267485
3340
1401.2975250081286
545.9139395214504
3341
1374.4436719392534
537.651215500258
3342
1347.5898188703784
531.4541724843638
3343
1320.7359658015032
523.1914484631714
3344
1293.882112732628
514.928724441979
3345
1273.225302679647
504.60031941548857
3346
1248.4371306160701
498.40327639959435
3347
1227.7803205630892
488.07487137310386
3348
1205.0578295048101
473.6151043360172
3349
1188.5323814624255
463.28669930952674
3350
1172.0069334200407
450.8926132777383
3351
1155.481485377656
442.6298892565459
3352
1138.9560373352713
428.17012221945924
3353
1122.4305892928867
417.8417171929689
3354
1103.8394602452038
409.57899317177646
3355
1087.3140122028192
399.250588145286
3356
1072.8542451657324
388.9221831187956
3357
1058.394478128646
378.5937780923051
3358
1046.0003920968572
368.26537306581463
3359
1033.6063060650688
360.00264904462233
3360
1023.2779010385784
349.67424401813184
3361
1015.0151770173861
339.34583899164136
3362
1006.7524529961936
331.08311497044906
3363
998.4897289750013
322.82039094925665
3364
992.2926859591071
312.4919859227663
3365
988.1613239485109
304.22926190157386
3366
979.8985999273184
293.9008568750835
3367
975.7672379167223
287.70381385918915
3368
969.570194900828
277.3754088326988
3369
961.3074708796357
267.0470038062083
2