3343
994.3583669644051
1074.7282768777613
3344
1000.5554099802994
1045.808742803588
3345
1004.6867719908955
1014.8235277241167
3346
1008.8181340014917
987.9696746552415
3347
1012.949496012088
963.1815025916644
3348
1015.0151770173861
942.5246925386837
3349
1019.1465390279823
917.7365204751065
3350
1021.2122200332803
890.8826674062313
3351
1023.2779010385784
872.2915383585486
3352
1025.3435820438765
855.7660903161639
3353
1029.4749440544726
835.1092802631829
3354
1029.4749440544726
820.6495132260964
3355
1031.5406250597707
804.1240651837115
3356
1033.6063060650688
785.5329361360288
3357
1033.6063060650688
771.0731690989421
3358
1033.6063060650688
760.7447640724517
3359
1031.5406250597707
746.284997035365
3360
1031.5406250597707
731.8252299982785
3361
1027.4092630491746
713.2341009505957
3362
1025.3435820438765
698.774333913509
3363
1021.2122200332803
680.1832048658262
3364
1015.0151770173861
665.7234378287395
3365
1006.7524529961936
647.1323087810567
3366
1000.5554099802994
634.7382227492682
3367
994.3583669644051
616.1470937015854
3368
986.0956429432129
603.7530076697968
3369
977.8329189220203
585.161878622114
3370
973.7015569114242
566.5707495744313
3371
971.6358759061261
552.1109825373446
3372
969.570194900828
537.651215500258
3373
969.570194900828
521.1257674578733
3374
969.570194900828
504.60031941548857
3375
969.570194900828
488.07487137310386
3376
967.50451389553
471.54942333071915
3377
967.50451389553
455.02397528833444
3378
965.4388328902319
442.6298892565459
3379
965.4388328902319
428.17012221945924
3380
963.3731518849338
411.64467417707453
3381
963.3731518849338
397.1849071399879
3382
961.3074708796357
382.72514010290126
3383
961.3074708796357
370.3310540711127
3384
961.3074708796357
353.805606028728
3385
959.2417898743377
341.41151999693955
3386
957.1761088690396
326.9517529598529
3387
953.0447468584434
314.55766692806435
3388
950.9790658531454
300.0978998909777
3389
948.9133848478473
287.70381385918915
3390
944.7820228372509
279.44108983799686
3391
940.6506608266548
262.91564179561215
0