3348
946.8477038425492
1074.7282768777613
3349
953.0447468584434
1045.808742803588
3350
957.1761088690396
1021.020570740011
3351
963.3731518849338
996.232398676434
3352
969.570194900828
971.4442266128568
3353
973.7015569114242
944.5903735439817
3354
979.8985999273184
925.9992444962988
3355
984.0299619379148
905.342434443318
3356
990.227004953809
882.619943385039
3357
994.3583669644051
866.0944953426542
3358
998.4897289750013
851.6347283055677
3359
998.4897289750013
830.9779182525867
3360
1000.5554099802994
814.452470210202
3361
998.4897289750013
787.5986171413269
3362
992.2926859591071
762.8104450777498
3363
979.8985999273184
742.1536350247688
3364
965.4388328902319
723.5625059770861
3365
948.9133848478473
702.9056959241052
3366
934.4536178107605
682.2488858711243
3367
924.1252127842702
661.5920758181434
3368
915.8624887630779
638.8695847598644
3369
909.6654457471834
620.2784557121817
3370
903.4684027312892
601.6873266644988
3371
899.337040720693
585.161878622114
3372
895.2056787100969
568.6364305797293
3373
891.0743166995007
556.2423445479408
3374
886.9429546889046
543.8482585161523
3375
878.6802306677121
533.5198534896618
3376
870.4175066465198
523.1914484631714
3377
860.0891016200294
516.9944054472771
3378
845.6293345829426
504.60031941548857
3379
835.3009295564523
496.3375953942963
3380
818.7754815140677
479.81214735191156
3381
808.4470764875771
467.418061320123
3382
798.1186714610867
452.95829428303637
3383
787.7902664345963
436.43284624065166
3384
781.5932234187019
415.7760361876707
3385
777.4618614081057
395.1192261346898
3386
773.3304993975096
376.52809708700704
3387
775.3961804028077
353.805606028728
3388
777.4618614081057
331.08311497044906
3389
781.5932234187019
310.4263049174682
3390
783.6589044240002
291.8351758697853
3391
789.8559474398944
269.11268481150637
0