3360
787.7902664345963
279.44108983799686
3361
787.7902664345963
293.9008568750835
3362
785.7245854292983
310.4263049174682
3363
783.6589044240002
326.9517529598529
3364
781.5932234187019
345.5428820075357
3365
779.5275424134038
360.00264904462233
3366
775.3961804028077
372.3967350764109
3367
773.3304993975096
388.9221831187956
3368
771.2648183922115
403.38195015588224
3369
771.2648183922115
419.90739819826695
3370
769.1991373869134
434.3671652353536
3371
771.2648183922115
446.76125126714203
3372
773.3304993975096
465.3523803148249
3373
777.4618614081057
475.6807853413153
3374
781.5932234187019
490.14055237840194
3375
791.9216284451925
504.60031941548857
3376
808.4470764875771
516.9944054472771
3377
812.5784384981732
529.3884914790657
3378
810.5127574928752
539.7168965055561
3379
804.3157144769809
554.1766635426427
3380
806.381395482279
566.5707495744313
3381
810.5127574928752
578.9648356062198
3382
818.7754815140677
593.4246026433065
3383
833.2352485511542
601.6873266644988
3384
845.6293345829426
614.0814126962873
3385
862.1547826253275
626.4754987280759
3386
886.9429546889046
638.8695847598644
3387
909.6654457471834
649.1979897863548
3388
938.5849798213567
659.5263948128453
3389
967.50451389553
667.7891188340377
3390
998.4897289750013
673.9861618499319
3391
1033.6063060650688
678.1175238605281
3392
1066.6572021498382
682.2488858711243
3393
1103.8394602452038
684.3145668764224
3394
1138.9560373352713
682.2488858711243
3395
1178.203976435935
680.1832048658262
3396
1215.3862345313007
680.1832048658262
3397
1252.5684926266663
678.1175238605281
3398
1289.7507507220319
673.9861618499319
3399
1328.9986898226955
673.9861618499319
3400
1370.3123099286572
667.7891188340377
3401
1409.560249029321
665.7234378287395
3402
1452.9395501405809
661.5920758181434
3403
1492.1874892412445
657.4607138075472
3404
1535.5667903525043
653.3293517969511
3405
1576.8804104584663
651.263670791653
1