3396
1547.960876384293
587.2275596274121
3397
1508.7129372836291
589.2932406327103
3398
1471.5306791882635
593.4246026433065
3399
1436.414102098196
595.4902836486045
3400
1399.2318440028305
597.5559646539026
3401
1362.049585907465
599.6216456592007
3402
1328.9986898226955
601.6873266644988
3403
1300.0791557485222
605.818688675095
3404
1275.290983684945
609.9500506856912
3405
1246.371449610772
614.0814126962873
3406
1217.4519155365988
620.2784557121817
3407
1190.5980624677236
626.4754987280759
3408
1163.7442093988484
632.6725417439701
3409
1136.8903563299732
634.7382227492682
3410
1110.036503261098
638.8695847598644
3411
1087.3140122028192
643.0009467704606
3412
1062.525840139242
645.0666277757587
3413
1037.737668075665
649.1979897863548
3414
1015.0151770173861
649.1979897863548
3415
990.227004953809
649.1979897863548
3416
967.50451389553
653.3293517969511
3417
944.7820228372509
657.4607138075472
3418
922.0595317789721
661.5920758181434
3419
897.271359715395
665.7234378287395
3420
874.5488686571159
669.8547998393358
3421
851.8263775988371
676.05184285523
3422
833.2352485511542
684.3145668764224
3423
816.7098005087696
690.5116098923166
3424
798.1186714610867
694.6429719029128
3425
785.7245854292983
698.774333913509
3426
769.1991373869134
704.9713769294033
3427
756.805051355125
709.1027389399994
3428
744.4109653233363
711.1684199452975
3429
734.0825602968459
715.2997819558938
3430
725.8198362756536
717.3654629611918
3431
717.5571122544613
717.3654629611918
3432
709.2943882332688
719.4311439664899
3433
698.9659832067784
717.3654629611918
3434
688.6375781802881
717.3654629611918
3435
678.3091731537975
717.3654629611918
3436
667.9807681273071
717.3654629611918
3437
653.5210010902206
715.2997819558938
3438
634.9298720425377
715.2997819558938
3439
618.4044240001531
713.2341009505957
3440
593.616251936576
711.1684199452975
3441
562.6310368571046
729.7595489929804
3442
531.6458217776333
731.8252299982785
3443
502.72628770345995
738.0222730141727
3444
471.7410726239886
746.284997035365
3445
438.6901765392192
758.6790830671537
3446
399.44223743855554
773.1388501042402
3447
360.1942983378919
785.5329361360288
3448
323.0120402425262
793.7956601572212
3449
283.76410114186257
806.1897461890096
3450
244.5161620411988
814.452470210202
3451
201.13686092993902
816.5181512155001
3452
157.7575598186791
820.6495132260964
3453
116.4439397127174
822.7151942313944
3454
75.13031960675556
822.7151942313944
0