3425
837.3666105617503
1072.6625958724633
3426
833.2352485511542
1045.808742803588
3427
831.1695675458561
1018.9548897347129
3428
829.103886540558
1000.3637606870301
3429
827.03820553526
971.4442266128568
3430
833.2352485511542
948.7217355545779
3431
841.4979725723465
923.9335634910008
3432
843.5636535776446
895.0140294168275
3433
849.760696593539
870.2258573532504
3434
853.8920586041352
837.174961268481
3435
855.9577396094332
812.386789204904
3436
862.1547826253275
785.5329361360288
3437
864.2204636306255
760.7447640724517
3438
874.5488686571159
740.0879540194708
3439
884.8772736836065
715.2997819558938
3440
891.0743166995007
694.6429719029128
3441
899.337040720693
669.8547998393358
3442
903.4684027312892
645.0666277757587
3443
907.5997647418853
624.4098177227778
3444
909.6654457471834
603.7530076697968
3445
911.7311267524815
581.0305166115179
3446
911.7311267524815
564.5050685691332
3447
911.7311267524815
541.7825775108543
3448
913.7968077577796
521.1257674578733
3449
909.6654457471834
506.66600042078665
3450
909.6654457471834
486.0091903678058
3451
907.5997647418853
467.418061320123
3452
905.5340837365873
448.8269322724402
3453
905.5340837365873
432.3014842300554
3454
907.5997647418853
413.7103551823726
3455
911.7311267524815
399.250588145286
3456
915.8624887630779
380.6594590976032
3457
919.993850773674
368.26537306581463
3458
924.1252127842702
351.7399250234299
3459
926.1908937895682
337.2801579863433
3460
928.2565747948663
318.6890289386605
3461
930.3222558001644
306.29494290687194
3462
928.2565747948663
291.8351758697853
3463
930.3222558001644
277.3754088326988
3464
924.1252127842702
269.11268481150637
0