3449
721.6884742650575
279.44108983799686
3450
717.5571122544613
291.8351758697853
3451
715.491431249163
308.36062391217
3452
713.425750243865
322.82039094925665
3453
711.3600692385669
335.2144769810452
3454
711.3600692385669
351.7399250234299
3455
711.3600692385669
364.1340110552185
3456
711.3600692385669
378.5937780923051
3457
711.3600692385669
393.05354512939175
3458
715.491431249163
407.5133121664784
3459
717.5571122544613
424.0387602088631
3460
719.6227932597594
440.5642082512478
3461
725.8198362756536
457.0896562936325
3462
725.8198362756536
473.6151043360172
3463
729.9511982862498
486.0091903678058
3464
732.0168792915479
506.66600042078665
3465
734.0825602968459
527.3228104737676
3466
736.148241302144
543.8482585161523
3467
736.148241302144
564.5050685691332
3468
738.2139223074421
581.0305166115179
3469
738.2139223074421
601.6873266644988
3470
742.3452843180382
620.2784557121817
3471
748.5423273339327
640.9352657651625
3472
752.6736893445288
659.5263948128453
3473
754.7393703498269
676.05184285523
3474
760.9364133657211
696.7086529082109
3475
765.0677753763173
715.2997819558938
3476
769.1991373869134
731.8252299982785
3477
775.3961804028077
748.3506780406632
3478
785.7245854292983
769.007488093644
3479
791.9216284451925
789.664298146625
3480
798.1186714610867
806.1897461890096
3481
806.381395482279
826.8465562419906
3482
814.6441195034715
845.4376852896734
3483
816.7098005087696
861.9631333320581
3484
822.9068435246638
880.554262379741
3485
827.03820553526
901.2110724327217
3486
833.2352485511542
919.8022014804046
3487
837.3666105617503
934.2619685174911
3488
843.5636535776446
952.853097565174
3489
849.760696593539
971.4442266128568
3490
855.9577396094332
985.9039936499435
3491
864.2204636306255
1004.4951226976262
3492
870.4175066465198
1027.2176137559052
3493
878.6802306677121
1045.808742803588
3494
889.0086356942027
1068.5312338618671
0