3451
785.7245854292983
277.3754088326988
3452
781.5932234187019
289.7694948644872
3453
779.5275424134038
304.22926190157386
3454
777.4618614081057
320.7547099439586
3455
775.3961804028077
333.14879597574713
3456
773.3304993975096
349.67424401813184
3457
771.2648183922115
364.1340110552185
3458
771.2648183922115
378.5937780923051
3459
773.3304993975096
390.9878641240937
3460
775.3961804028077
407.5133121664784
3461
777.4618614081057
421.973079203565
3462
781.5932234187019
434.3671652353536
3463
783.6589044240002
448.8269322724402
3464
785.7245854292983
465.3523803148249
3465
785.7245854292983
477.7464663466134
3466
781.5932234187019
494.2719143889981
3467
779.5275424134038
508.7316814260847
3468
777.4618614081057
525.2571294684694
3469
775.3961804028077
541.7825775108543
3470
777.4618614081057
560.373706558537
3471
779.5275424134038
576.8991546009217
3472
779.5275424134038
595.4902836486045
3473
779.5275424134038
609.9500506856912
3474
777.4618614081057
630.606860738672
3475
779.5275424134038
647.1323087810567
3476
783.6589044240002
663.6577568234414
3477
789.8559474398944
682.2488858711243
3478
796.0529904557886
698.774333913509
3479
802.2500334716829
715.2997819558938
3480
806.381395482279
731.8252299982785
3481
808.4470764875771
750.4163590459613
3482
810.5127574928752
769.007488093644
3483
808.4470764875771
781.4015741254326
3484
806.381395482279
797.9270221678173
3485
810.5127574928752
812.386789204904
3486
808.4470764875771
830.9779182525867
3487
812.5784384981732
845.4376852896734
3488
810.5127574928752
864.0288143373562
3489
806.381395482279
884.6856243903371
3490
798.1186714610867
911.5394774592123
3491
791.9216284451925
934.2619685174911
3492
787.7902664345963
967.3128646022607
3493
783.6589044240002
992.1010366658377
3494
785.7245854292983
1029.2832947612033
3495
785.7245854292983
1058.2028288353765
0