3508
1552.0922383948891
525.2571294684694
3509
1506.647256278331
516.9944054472771
3510
1461.2022741617732
512.863043436681
3511
1421.9543350611095
504.60031941548857
3512
1378.5750339498497
500.4689574048924
3513
1339.3270948491859
490.14055237840194
3514
1300.0791557485222
477.7464663466134
3515
1262.8968976531567
469.4837423254211
3516
1227.7803205630892
457.0896562936325
3517
1196.7951054836178
444.69557026184395
3518
1165.8098904041465
436.43284624065166
3519
1138.9560373352713
426.10444121416117
3520
1114.1678652716944
413.7103551823726
3521
1087.3140122028192
401.31626915058405
3522
1068.7228831551363
388.9221831187956
3523
1050.1317541074536
376.52809708700704
3524
1031.5406250597707
366.19969206051655
3525
1015.0151770173861
351.7399250234299
3526
994.3583669644051
341.41151999693955
3527
975.7672379167223
331.08311497044906
3528
957.1761088690396
318.6890289386605
3529
938.5849798213567
306.29494290687194
3530
919.993850773674
293.9008568750835
3531
903.4684027312892
281.50677084329493
3532
897.271359715395
264.9813228009102
2