831
721.6884742650575
310.4263049174682
832
715.491431249163
331.08311497044906
833
715.491431249163
351.7399250234299
834
711.3600692385669
374.46241608170897
835
707.2287072279707
397.1849071399879
836
705.1630262226727
417.8417171929689
837
703.0973452173746
442.6298892565459
838
698.9659832067784
469.4837423254211
839
698.9659832067784
492.2062333837
840
694.8346211961823
521.1257674578733
841
694.8346211961823
547.9796205267485
842
692.7689401908842
581.0305166115179
843
694.8346211961823
609.9500506856912
844
692.7689401908842
649.1979897863548
845
694.8346211961823
682.2488858711243
846
696.9003022014804
723.5625059770861
847
701.0316642120765
756.6134020618556
848
707.2287072279707
797.9270221678173
849
711.3600692385669
845.4376852896734
850
713.425750243865
890.8826674062313
851
715.491431249163
932.1962875121931
852
715.491431249163
983.8383126446454
853
717.5571122544613
1035.4803377770977
0