3519
1572.74904844787
512.863043436681
3520
1535.5667903525043
508.7316814260847
3521
1492.1874892412445
496.3375953942963
3522
1459.136593156475
496.3375953942963
3523
1428.1513780770038
490.14055237840194
3524
1393.0348009869363
483.9435093625077
3525
1357.9182238968688
473.6151043360172
3526
1322.8016468068013
471.54942333071915
3527
1289.7507507220319
463.28669930952674
3528
1242.2400876001757
450.8926132777383
3529
1211.2548725207046
444.69557026184395
3530
1178.203976435935
436.43284624065166
3531
1151.35012336706
432.3014842300554
3532
1116.2335462769925
424.0387602088631
3533
1097.6424172293096
417.8417171929689
3534
1068.7228831551363
407.5133121664784
3535
1046.0003920968572
397.1849071399879
3536
1029.4749440544726
380.6594590976032
3537
1015.0151770173861
372.3967350764109
3538
1000.5554099802994
357.93696803932426
3539
986.0956429432129
341.41151999693955
3540
971.6358759061261
329.017433965151
3541
957.1761088690396
314.55766692806435
3542
946.8477038425492
302.1635808962758
3543
930.3222558001644
285.6381328538911
3544
919.993850773674
267.0470038062083
3545
911.7311267524815
256.7185987797178
2