3523
738.2139223074421
277.3754088326988
3524
736.148241302144
291.8351758697853
3525
736.148241302144
306.29494290687194
3526
738.2139223074421
322.82039094925665
3527
736.148241302144
341.41151999693955
3528
738.2139223074421
357.93696803932426
3529
736.148241302144
374.46241608170897
3530
738.2139223074421
390.9878641240937
3531
738.2139223074421
409.57899317177646
3532
740.2796033127402
424.0387602088631
3533
740.2796033127402
440.5642082512478
3534
742.3452843180382
463.28669930952674
3535
740.2796033127402
479.81214735191156
3536
738.2139223074421
500.4689574048924
3537
738.2139223074421
523.1914484631714
3538
738.2139223074421
541.7825775108543
3539
738.2139223074421
564.5050685691332
3540
736.148241302144
589.2932406327103
3541
738.2139223074421
609.9500506856912
3542
738.2139223074421
630.606860738672
3543
738.2139223074421
655.3950328022491
3544
738.2139223074421
678.1175238605281
3545
738.2139223074421
704.9713769294033
3546
736.148241302144
729.7595489929804
3547
736.148241302144
754.5477210565574
3548
738.2139223074421
783.4672551307307
3549
740.2796033127402
806.1897461890096
3550
742.3452843180382
835.1092802631829
3551
744.4109653233363
861.9631333320581
3552
746.4766463286344
890.8826674062313
3553
746.4766463286344
919.8022014804046
3554
744.4109653233363
946.6560545492798
3555
742.3452843180382
979.7069506340492
3556
738.2139223074421
1008.6264847082225
3557
734.0825602968459
1041.677380792992
3558
729.9511982862498
1068.5312338618671
0