3532
833.2352485511542
1049.9401048141842
3533
835.3009295564523
1016.8892087294148
3534
841.4979725723465
985.9039936499435
3535
847.6950155882407
952.853097565174
3536
853.8920586041352
925.9992444962988
3537
858.0234206147313
897.0797104221256
3538
858.0234206147313
868.1601763479523
3539
860.0891016200294
841.3063232790772
3540
860.0891016200294
816.5181512155001
3541
864.2204636306255
789.664298146625
3542
868.3518256412217
762.8104450777498
3543
870.4175066465198
738.0222730141727
3544
874.5488686571159
711.1684199452975
3545
876.614549662414
688.4459288870186
3546
878.6802306677121
659.5263948128453
3547
882.8115926783084
634.7382227492682
3548
886.9429546889046
614.0814126962873
3549
893.1399977047988
587.2275596274121
3550
897.271359715395
566.5707495744313
3551
903.4684027312892
545.9139395214504
3552
909.6654457471834
523.1914484631714
3553
909.6654457471834
504.60031941548857
3554
915.8624887630779
481.87782835720964
3555
917.9281697683759
461.22101830422866
3556
922.0595317789721
444.69557026184395
3557
924.1252127842702
426.10444121416117
3558
928.2565747948663
407.5133121664784
3559
928.2565747948663
390.9878641240937
3560
930.3222558001644
378.5937780923051
3561
930.3222558001644
364.1340110552185
3562
932.3879368054625
351.7399250234299
3563
932.3879368054625
337.2801579863433
3564
932.3879368054625
326.9517529598529
3565
932.3879368054625
314.55766692806435
3566
930.3222558001644
304.22926190157386
3567
930.3222558001644
295.96653788038157
3568
930.3222558001644
287.70381385918915
3569
930.3222558001644
277.3754088326988
3570
930.3222558001644
267.0470038062083
3571
928.2565747948663
258.7842797850159
0