3547
839.4322915670484
1068.5312338618671
3548
833.2352485511542
1035.4803377770977
3549
829.103886540558
1006.5608037029244
3550
829.103886540558
975.5755886234531
3551
827.03820553526
948.7217355545779
3552
827.03820553526
923.9335634910008
3553
829.103886540558
890.8826674062313
3554
833.2352485511542
868.1601763479523
3555
833.2352485511542
837.174961268481
3556
831.1695675458561
810.3211081996059
3557
827.03820553526
779.3358931201345
3558
827.03820553526
756.6134020618556
3559
827.03820553526
727.6938679876823
3560
827.03820553526
700.8400149188071
3561
827.03820553526
673.9861618499319
3562
831.1695675458561
649.1979897863548
3563
837.3666105617503
626.4754987280759
3564
847.6950155882407
603.7530076697968
3565
860.0891016200294
581.0305166115179
3566
868.3518256412217
566.5707495744313
3567
880.7459116730104
543.8482585161523
3568
889.0086356942027
525.2571294684694
3569
899.337040720693
510.7973624313829
3570
903.4684027312892
492.2062333837
3571
907.5997647418853
477.7464663466134
3572
913.7968077577796
459.1553372989306
3573
915.8624887630779
442.6298892565459
3574
915.8624887630779
428.17012221945924
3575
913.7968077577796
409.57899317177646
3576
917.9281697683759
393.05354512939175
3577
915.8624887630779
378.5937780923051
3578
917.9281697683759
364.1340110552185
3579
917.9281697683759
349.67424401813184
3580
919.993850773674
331.08311497044906
3581
919.993850773674
318.6890289386605
3582
924.1252127842702
304.22926190157386
3583
926.1908937895682
285.6381328538911
3584
928.2565747948663
273.2440468221025
3585
932.3879368054625
258.7842797850159
0