3559
727.8855172809517
281.50677084329493
3560
725.8198362756536
291.8351758697853
3561
723.7541552703556
304.22926190157386
3562
723.7541552703556
318.6890289386605
3563
721.6884742650575
335.2144769810452
3564
719.6227932597594
347.60856301283377
3565
717.5571122544613
362.0683300499204
3566
713.425750243865
376.52809708700704
3567
715.491431249163
395.1192261346898
3568
711.3600692385669
411.64467417707453
3569
709.2943882332688
426.10444121416117
3570
705.1630262226727
440.5642082512478
3571
701.0316642120765
461.22101830422866
3572
698.9659832067784
475.6807853413153
3573
696.9003022014804
492.2062333837
3574
694.8346211961823
510.7973624313829
3575
694.8346211961823
531.4541724843638
3576
694.8346211961823
547.9796205267485
3577
692.7689401908842
566.5707495744313
3578
690.7032591855861
587.2275596274121
3579
688.6375781802881
605.818688675095
3580
690.7032591855861
624.4098177227778
3581
688.6375781802881
649.1979897863548
3582
688.6375781802881
667.7891188340377
3583
686.57189717499
690.5116098923166
3584
686.57189717499
713.2341009505957
3585
686.57189717499
731.8252299982785
3586
682.4405351643939
756.6134020618556
3587
684.5062161696919
783.4672551307307
3588
684.5062161696919
808.2554271943077
3589
688.6375781802881
835.1092802631829
3590
690.7032591855861
855.7660903161639
3591
692.7689401908842
882.619943385039
3592
694.8346211961823
911.5394774592123
3593
692.7689401908842
934.2619685174911
3594
686.57189717499
961.1158215863663
3595
682.4405351643939
985.9039936499435
3596
676.2434921484994
1016.8892087294148
3597
672.1121301379033
1043.74306179829
3598
670.0464491326052
1068.5312338618671
0