3562
806.381395482279
1056.1371478300784
3563
808.4470764875771
1016.8892087294148
3564
810.5127574928752
985.9039936499435
3565
812.5784384981732
950.787416559876
3566
814.6441195034715
915.6708394698085
3567
814.6441195034715
886.7513053956352
3568
812.5784384981732
851.6347283055677
3569
814.6441195034715
822.7151942313944
3570
818.7754815140677
789.664298146625
3571
824.9725245299619
758.6790830671537
3572
835.3009295564523
729.7595489929804
3573
845.6293345829426
698.774333913509
3574
853.8920586041352
671.9204808446339
3575
868.3518256412217
640.9352657651625
3576
876.614549662414
620.2784557121817
3577
886.9429546889046
593.4246026433065
3578
891.0743166995007
568.6364305797293
3579
897.271359715395
547.9796205267485
3580
901.4027217259911
525.2571294684694
3581
903.4684027312892
504.60031941548857
3582
905.5340837365873
483.9435093625077
3583
907.5997647418853
463.28669930952674
3584
907.5997647418853
442.6298892565459
3585
907.5997647418853
426.10444121416117
3586
907.5997647418853
405.4476311611803
3587
909.6654457471834
386.8565021134975
3588
909.6654457471834
372.3967350764109
3589
909.6654457471834
353.805606028728
3590
909.6654457471834
337.2801579863433
3591
911.7311267524815
318.6890289386605
3592
913.7968077577796
308.36062391217
3593
915.8624887630779
289.7694948644872
3594
915.8624887630779
275.3097278274006
3595
915.8624887630779
260.84996079031396
0