3585
1578.946091463764
547.9796205267485
3586
1545.895195378995
543.8482585161523
3587
1512.8442992942255
539.7168965055561
3588
1479.793403209456
535.5855344949599
3589
1450.8738691352828
531.4541724843638
3590
1424.0200160664076
527.3228104737676
3591
1395.1004819922343
519.0600864525752
3592
1368.2466289233591
508.7316814260847
3593
1343.4584568597822
500.4689574048924
3594
1322.8016468068013
492.2062333837
3595
1300.0791557485222
481.87782835720964
3596
1275.290983684945
475.6807853413153
3597
1254.6341736319644
465.3523803148249
3598
1233.9773635789834
459.1553372989306
3599
1211.2548725207046
452.95829428303637
3600
1188.5323814624255
442.6298892565459
3601
1172.0069334200407
438.49852724594973
3602
1153.415804372358
432.3014842300554
3603
1136.8903563299732
421.973079203565
3604
1116.2335462769925
413.7103551823726
3605
1099.7080982346076
403.38195015588224
3606
1083.182650192223
397.1849071399879
3607
1068.7228831551363
388.9221831187956
3608
1048.0660731021555
380.6594590976032
3609
1035.6719870703669
378.5937780923051
3610
1017.0808580226842
366.19969206051655
3611
1004.6867719908955
357.93696803932426
3612
994.3583669644051
347.60856301283377
3613
981.9642809326167
339.34583899164136
3614
973.7015569114242
329.017433965151
3615
965.4388328902319
316.6233479333624
3616
961.3074708796357
308.36062391217
3617
955.1104278637415
298.03221888567964
3618
950.9790658531454
285.6381328538911
3619
940.6506608266548
273.2440468221025
3620
938.5849798213567
260.84996079031396
2