3588
723.7541552703556
269.11268481150637
3589
723.7541552703556
281.50677084329493
3590
725.8198362756536
289.7694948644872
3591
723.7541552703556
302.1635808962758
3592
725.8198362756536
312.4919859227663
3593
725.8198362756536
322.82039094925665
3594
729.9511982862498
331.08311497044906
3595
732.0168792915479
343.4772010022376
3596
736.148241302144
351.7399250234299
3597
740.2796033127402
364.1340110552185
3598
742.3452843180382
374.46241608170897
3599
744.4109653233363
388.9221831187956
3600
744.4109653233363
401.31626915058405
3601
746.4766463286344
413.7103551823726
3602
744.4109653233363
426.10444121416117
3603
746.4766463286344
440.5642082512478
3604
746.4766463286344
452.95829428303637
3605
746.4766463286344
469.4837423254211
3606
748.5423273339327
481.87782835720964
3607
748.5423273339327
500.4689574048924
3608
748.5423273339327
514.928724441979
3609
748.5423273339327
531.4541724843638
3610
746.4766463286344
545.9139395214504
3611
746.4766463286344
564.5050685691332
3612
748.5423273339327
581.0305166115179
3613
750.6080083392308
595.4902836486045
3614
750.6080083392308
609.9500506856912
3615
750.6080083392308
622.3441367174797
3616
750.6080083392308
638.8695847598644
3617
748.5423273339327
655.3950328022491
3618
748.5423273339327
665.7234378287395
3619
744.4109653233363
680.1832048658262
3620
740.2796033127402
694.6429719029128
3621
736.148241302144
709.1027389399994
3622
734.0825602968459
725.6281869823842
3623
732.0168792915479
740.0879540194708
3624
727.8855172809517
756.6134020618556
3625
723.7541552703556
773.1388501042402
3626
719.6227932597594
791.7299791519231
3627
717.5571122544613
808.2554271943077
3628
717.5571122544613
830.9779182525867
3629
717.5571122544613
851.6347283055677
3630
719.6227932597594
866.0944953426542
3631
721.6884742650575
892.9483484115294
3632
721.6884742650575
917.7365204751065
3633
723.7541552703556
940.4590115333855
3634
723.7541552703556
967.3128646022607
3635
721.6884742650575
990.0353556605396
3636
719.6227932597594
1018.9548897347129
3637
719.6227932597594
1047.8744238088861
3638
715.491431249163
1074.7282768777613
0