3591
1593.4058585008509
568.6364305797293
3592
1556.2236004054853
568.6364305797293
3593
1519.0413423101197
562.4393875638351
3594
1485.9904462253503
558.308025553239
3595
1448.8081881299847
558.308025553239
3596
1415.7572920452153
554.1766635426427
3597
1380.6407149551478
545.9139395214504
3598
1349.6554998756765
539.7168965055561
3599
1318.6702847962051
533.5198534896618
3600
1289.7507507220319
525.2571294684694
3601
1264.9625786584547
514.928724441979
3602
1238.1087255895795
508.7316814260847
3603
1215.3862345313007
504.60031941548857
3604
1190.5980624677236
496.3375953942963
3605
1165.8098904041465
490.14055237840194
3606
1138.9560373352713
481.87782835720964
3607
1110.036503261098
471.54942333071915
3608
1085.248331197521
463.28669930952674
3609
1062.525840139242
452.95829428303637
3610
1041.869030086261
442.6298892565459
3611
1025.3435820438765
432.3014842300554
3612
1004.6867719908955
419.90739819826695
3613
988.1613239485109
405.4476311611803
3614
975.7672379167223
395.1192261346898
3615
961.3074708796357
382.72514010290126
3616
955.1104278637415
372.3967350764109
3617
944.7820228372509
360.00264904462233
3618
938.5849798213567
343.4772010022376
3619
932.3879368054625
331.08311497044906
3620
924.1252127842702
318.6890289386605
3621
922.0595317789721
310.4263049174682
3622
915.8624887630779
295.96653788038157
3623
913.7968077577796
285.6381328538911
3624
909.6654457471834
277.3754088326988
3625
907.5997647418853
262.91564179561215
2