3599
1583.0774534743603
568.6364305797293
3600
1545.895195378995
564.5050685691332
3601
1508.7129372836291
564.5050685691332
3602
1473.5963601935616
560.373706558537
3603
1436.414102098196
554.1766635426427
3604
1401.2975250081286
547.9796205267485
3605
1368.2466289233591
543.8482585161523
3606
1333.1300518332916
533.5198534896618
3607
1304.2105177591184
527.3228104737676
3608
1271.159621674349
519.0600864525752
3609
1244.3057686054738
508.7316814260847
3610
1219.5175965418969
502.5346384101905
3611
1196.7951054836178
494.2719143889981
3612
1172.0069334200407
483.9435093625077
3613
1147.2187613564638
473.6151043360172
3614
1126.5619513034828
463.28669930952674
3615
1110.036503261098
452.95829428303637
3616
1091.4453742134153
440.5642082512478
3617
1074.9199261710305
434.3671652353536
3618
1056.3287971233478
419.90739819826695
3619
1037.737668075665
405.4476311611803
3620
1021.2122200332803
395.1192261346898
3621
1008.8181340014917
380.6594590976032
3622
996.4240479697032
372.3967350764109
3623
981.9642809326167
355.8712870340262
3624
971.6358759061261
343.4772010022376
3625
961.3074708796357
333.14879597574713
3626
953.0447468584434
318.6890289386605
3627
944.7820228372509
306.29494290687194
3628
936.5192988160586
293.9008568750835
3629
930.3222558001644
283.572451848593
3630
922.0595317789721
271.17836581680444
2