837
754.7393703498269
293.9008568750835
838
746.4766463286344
316.6233479333624
839
742.3452843180382
339.34583899164136
840
736.148241302144
360.00264904462233
841
734.0825602968459
386.8565021134975
842
732.0168792915479
411.64467417707453
843
732.0168792915479
434.3671652353536
844
732.0168792915479
463.28669930952674
845
734.0825602968459
486.0091903678058
846
736.148241302144
519.0600864525752
847
740.2796033127402
547.9796205267485
848
742.3452843180382
581.0305166115179
849
748.5423273339327
614.0814126962873
850
750.6080083392308
651.263670791653
851
752.6736893445288
686.3802478817205
852
756.805051355125
729.7595489929804
853
760.9364133657211
766.941807088346
854
763.0020943710192
806.1897461890096
855
765.0677753763173
853.7004093108658
856
765.0677753763173
897.0797104221256
857
765.0677753763173
940.4590115333855
858
765.0677753763173
987.9696746552415
859
767.1334563816154
1041.677380792992
0