3605
899.337040720693
1064.3998718512707
3606
895.2056787100969
1045.808742803588
3607
895.2056787100969
1031.3489757665016
3608
893.1399977047988
1016.8892087294148
3609
891.0743166995007
1002.4294416923282
3610
889.0086356942027
990.0353556605396
3611
886.9429546889046
981.7726316393473
3612
884.8772736836065
969.3785456075587
3613
878.6802306677121
959.0501405810683
3614
872.4831876518178
952.853097565174
3615
868.3518256412217
948.7217355545779
3616
862.1547826253275
942.5246925386837
3617
855.9577396094332
936.3276495227893
3618
851.8263775988371
932.1962875121931
3619
849.760696593539
928.0649255015969
3620
843.5636535776446
925.9992444962988
3621
839.4322915670484
919.8022014804046
3622
835.3009295564523
917.7365204751065
3623
829.103886540558
911.5394774592123
3624
822.9068435246638
905.342434443318
3625
818.7754815140677
897.0797104221256
3626
816.7098005087696
890.8826674062313
3627
814.6441195034715
884.6856243903371
3628
810.5127574928752
876.4229003691447
3629
810.5127574928752
868.1601763479523
3630
810.5127574928752
861.9631333320581
3631
806.381395482279
851.6347283055677
3632
806.381395482279
837.174961268481
3633
806.381395482279
824.7808752366925
3634
804.3157144769809
812.386789204904
3635
806.381395482279
795.8613411625192
3636
806.381395482279
775.2045311095383
3637
810.5127574928752
760.7447640724517
3638
812.5784384981732
742.1536350247688
3639
818.7754815140677
723.5625059770861
3640
827.03820553526
702.9056959241052
3641
837.3666105617503
686.3802478817205
3642
849.760696593539
671.9204808446339
3643
862.1547826253275
655.3950328022491
3644
872.4831876518178
643.0009467704606
3645
882.8115926783084
630.606860738672
3646
895.2056787100969
620.2784557121817
3647
907.5997647418853
607.8843696803931
3648
919.993850773674
595.4902836486045
3649
930.3222558001644
589.2932406327103
3650
940.6506608266548
574.8334735956237
3651
946.8477038425492
566.5707495744313
3652
961.3074708796357
556.2423445479408
3653
969.570194900828
543.8482585161523
3654
979.8985999273184
533.5198534896618
3655
992.2926859591071
523.1914484631714
3656
1000.5554099802994
508.7316814260847
3657
1006.7524529961936
500.4689574048924
3658
1012.949496012088
488.07487137310386
3659
1019.1465390279823
477.7464663466134
3660
1023.2779010385784
465.3523803148249
3661
1027.4092630491746
450.8926132777383
3662
1029.4749440544726
442.6298892565459
3663
1029.4749440544726
432.3014842300554
3664
1029.4749440544726
421.973079203565
3665
1027.4092630491746
411.64467417707453
3666
1021.2122200332803
401.31626915058405
3667
1019.1465390279823
390.9878641240937
3668
1012.949496012088
382.72514010290126
3669
1006.7524529961936
370.3310540711127
3670
1002.6210909855974
364.1340110552185
3671
998.4897289750013
351.7399250234299
3672
992.2926859591071
345.5428820075357
3673
984.0299619379148
333.14879597574713
3674
979.8985999273184
324.88607195455484
3675
971.6358759061261
316.6233479333624
3676
967.50451389553
306.29494290687194
3677
965.4388328902319
302.1635808962758
3678
963.3731518849338
291.8351758697853
3679
959.2417898743377
281.50677084329493
3680
957.1761088690396
269.11268481150637
3681
953.0447468584434
260.84996079031396
2