3606
763.0020943710192
1058.2028288353765
3607
754.7393703498269
1027.2176137559052
3608
748.5423273339327
1002.4294416923282
3609
742.3452843180382
973.509907618155
3610
738.2139223074421
946.6560545492798
3611
740.2796033127402
925.9992444962988
3612
738.2139223074421
897.0797104221256
3613
736.148241302144
874.3572193638466
3614
740.2796033127402
851.6347283055677
3615
744.4109653233363
826.8465562419906
3616
750.6080083392308
804.1240651837115
3617
758.8707323604231
781.4015741254326
3618
769.1991373869134
758.6790830671537
3619
777.4618614081057
740.0879540194708
3620
789.8559474398944
717.3654629611918
3621
798.1186714610867
696.7086529082109
3622
808.4470764875771
676.05184285523
3623
818.7754815140677
651.263670791653
3624
827.03820553526
632.6725417439701
3625
837.3666105617503
612.0157316909892
3626
847.6950155882407
593.4246026433065
3627
855.9577396094332
572.7677925903256
3628
864.2204636306255
554.1766635426427
3629
872.4831876518178
531.4541724843638
3630
876.614549662414
514.928724441979
3631
882.8115926783084
496.3375953942963
3632
886.9429546889046
477.7464663466134
3633
891.0743166995007
459.1553372989306
3634
893.1399977047988
442.6298892565459
3635
897.271359715395
424.0387602088631
3636
899.337040720693
405.4476311611803
3637
899.337040720693
384.79082110819934
3638
899.337040720693
368.26537306581463
3639
899.337040720693
349.67424401813184
3640
899.337040720693
331.08311497044906
3641
899.337040720693
314.55766692806435
3642
899.337040720693
302.1635808962758
3643
901.4027217259911
285.6381328538911
3644
901.4027217259911
269.11268481150637
0