3644
744.4109653233363
281.50677084329493
3645
740.2796033127402
300.0978998909777
3646
738.2139223074421
322.82039094925665
3647
734.0825602968459
339.34583899164136
3648
729.9511982862498
362.0683300499204
3649
721.6884742650575
380.6594590976032
3650
715.491431249163
401.31626915058405
3651
707.2287072279707
417.8417171929689
3652
696.9003022014804
440.5642082512478
3653
690.7032591855861
463.28669930952674
3654
682.4405351643939
486.0091903678058
3655
678.3091731537975
502.5346384101905
3656
676.2434921484994
527.3228104737676
3657
676.2434921484994
545.9139395214504
3658
678.3091731537975
568.6364305797293
3659
682.4405351643939
589.2932406327103
3660
686.57189717499
612.0157316909892
3661
686.57189717499
638.8695847598644
3662
690.7032591855861
659.5263948128453
3663
694.8346211961823
682.2488858711243
3664
703.0973452173746
711.1684199452975
3665
707.2287072279707
731.8252299982785
3666
715.491431249163
754.5477210565574
3667
727.8855172809517
781.4015741254326
3668
742.3452843180382
804.1240651837115
3669
763.0020943710192
830.9779182525867
3670
777.4618614081057
855.7660903161639
3671
793.9873094504906
876.4229003691447
3672
812.5784384981732
903.2767534380199
3673
824.9725245299619
932.1962875121931
3674
835.3009295564523
956.9844595757702
3675
843.5636535776446
987.9696746552415
3676
853.8920586041352
1021.020570740011
3677
860.0891016200294
1049.9401048141842
0