3655
1576.8804104584663
521.1257674578733
3656
1545.895195378995
519.0600864525752
3657
1519.0413423101197
516.9944054472771
3658
1492.1874892412445
512.863043436681
3659
1463.2679551670712
508.7316814260847
3660
1436.414102098196
508.7316814260847
3661
1411.6259300346192
506.66600042078665
3662
1386.837757971042
502.5346384101905
3663
1359.9839049021668
500.4689574048924
3664
1335.1957328385897
496.3375953942963
3665
1310.4075607750126
490.14055237840194
3666
1289.7507507220319
483.9435093625077
3667
1267.0282596637528
473.6151043360172
3668
1244.3057686054738
465.3523803148249
3669
1227.7803205630892
459.1553372989306
3670
1209.1891915154063
455.02397528833444
3671
1188.5323814624255
444.69557026184395
3672
1174.0726144253388
440.5642082512478
3673
1159.6128473882522
432.3014842300554
3674
1145.1530803511657
426.10444121416117
3675
1134.8246753246751
419.90739819826695
3676
1122.4305892928867
413.7103551823726
3677
1118.2992272822905
407.5133121664784
3678
1112.102184266396
401.31626915058405
3679
1110.036503261098
395.1192261346898
3680
1107.9708222558
393.05354512939175
3681
1105.9051412505019
390.9878641240937
3682
1101.7737792399057
384.79082110819934
3683
1103.8394602452038
380.6594590976032
3684
1103.8394602452038
380.6594590976032
3685
1103.8394602452038
380.6594590976032
3686
1103.8394602452038
380.6594590976032
3687
1103.8394602452038
380.6594590976032
3688
1103.8394602452038
380.6594590976032
3689
1103.8394602452038
380.6594590976032
3690
1103.8394602452038
380.6594590976032
3691
1103.8394602452038
380.6594590976032
3692
1103.8394602452038
380.6594590976032
3693
1103.8394602452038
380.6594590976032
3694
1103.8394602452038
380.6594590976032
3695
1103.8394602452038
376.52809708700704
3696
1101.7737792399057
374.46241608170897
3697
1097.6424172293096
368.26537306581463
3698
1095.5767362240115
362.0683300499204
3699
1089.3796932081173
357.93696803932426
3700
1085.248331197521
353.805606028728
3701
1079.051288181627
347.60856301283377
3702
1079.051288181627
343.4772010022376
3703
1074.9199261710305
339.34583899164136
3704
1070.7885641604344
333.14879597574713
3705
1064.5915211445401
331.08311497044906
3706
1064.5915211445401
324.88607195455484
3707
1058.394478128646
322.82039094925665
3708
1054.2631161180498
316.6233479333624
3709
1050.1317541074536
312.4919859227663
3710
1048.0660731021555
306.29494290687194
3711
1043.9347110915592
304.22926190157386
3712
1041.869030086261
302.1635808962758
3713
1039.803349080963
295.96653788038157
3714
1037.737668075665
291.8351758697853
3715
1035.6719870703669
287.70381385918915
3716
1033.6063060650688
279.44108983799686
3717
1033.6063060650688
273.2440468221025
3718
1029.4749440544726
267.0470038062083
2