3664
775.3961804028077
285.6381328538911
3665
773.3304993975096
306.29494290687194
3666
771.2648183922115
326.9517529598529
3667
769.1991373869134
345.5428820075357
3668
765.0677753763173
368.26537306581463
3669
763.0020943710192
390.9878641240937
3670
758.8707323604231
413.7103551823726
3671
756.805051355125
434.3671652353536
3672
752.6736893445288
457.0896562936325
3673
746.4766463286344
479.81214735191156
3674
742.3452843180382
500.4689574048924
3675
740.2796033127402
523.1914484631714
3676
738.2139223074421
541.7825775108543
3677
736.148241302144
568.6364305797293
3678
736.148241302144
589.2932406327103
3679
738.2139223074421
607.8843696803931
3680
740.2796033127402
630.606860738672
3681
742.3452843180382
653.3293517969511
3682
742.3452843180382
673.9861618499319
3683
742.3452843180382
694.6429719029128
3684
744.4109653233363
717.3654629611918
3685
746.4766463286344
735.9565920088746
3686
746.4766463286344
754.5477210565574
3687
748.5423273339327
779.3358931201345
3688
746.4766463286344
795.8613411625192
3689
744.4109653233363
816.5181512155001
3690
744.4109653233363
843.3720042843753
3691
740.2796033127402
861.9631333320581
3692
738.2139223074421
882.619943385039
3693
738.2139223074421
909.4737964539141
3694
736.148241302144
930.130606506895
3695
738.2139223074421
954.9187785704721
3696
736.148241302144
981.7726316393473
3697
738.2139223074421
1004.4951226976262
3698
736.148241302144
1031.3489757665016
3699
734.0825602968459
1054.0714668247804
0