3675
686.57189717499
1064.3998718512707
3676
688.6375781802881
1035.4803377770977
3677
690.7032591855861
1010.6921657135206
3678
698.9659832067784
985.9039936499435
3679
709.2943882332688
954.9187785704721
3680
723.7541552703556
930.130606506895
3681
744.4109653233363
897.0797104221256
3682
763.0020943710192
872.2915383585486
3683
785.7245854292983
843.3720042843753
3684
802.2500334716829
818.5838322207983
3685
822.9068435246638
785.5329361360288
3686
835.3009295564523
760.7447640724517
3687
855.9577396094332
731.8252299982785
3688
868.3518256412217
698.774333913509
3689
878.6802306677121
669.8547998393358
3690
891.0743166995007
640.9352657651625
3691
897.271359715395
616.1470937015854
3692
905.5340837365873
585.161878622114
3693
909.6654457471834
562.4393875638351
3694
913.7968077577796
531.4541724843638
3695
915.8624887630779
506.66600042078665
3696
915.8624887630779
483.9435093625077
3697
917.9281697683759
457.0896562936325
3698
917.9281697683759
438.49852724594973
3699
915.8624887630779
417.8417171929689
3700
911.7311267524815
395.1192261346898
3701
911.7311267524815
376.52809708700704
3702
909.6654457471834
362.0683300499204
3703
907.5997647418853
339.34583899164136
3704
905.5340837365873
320.7547099439586
3705
905.5340837365873
308.36062391217
3706
905.5340837365873
289.7694948644872
3707
901.4027217259911
273.2440468221025
3708
901.4027217259911
258.7842797850159
0