3703
1576.8804104584663
525.2571294684694
3704
1539.6981523631005
521.1257674578733
3705
1506.647256278331
521.1257674578733
3706
1475.66204119886
516.9944054472771
3707
1442.6111451140903
512.863043436681
3708
1413.6916110399172
506.66600042078665
3709
1384.772076965744
506.66600042078665
3710
1353.7868618862726
500.4689574048924
3711
1320.7359658015032
494.2719143889981
3712
1293.882112732628
490.14055237840194
3713
1267.0282596637528
481.87782835720964
3714
1236.0430445842815
475.6807853413153
3715
1215.3862345313007
471.54942333071915
3716
1190.5980624677236
463.28669930952674
3717
1165.8098904041465
457.0896562936325
3718
1145.1530803511657
450.8926132777383
3719
1122.4305892928867
444.69557026184395
3720
1103.8394602452038
436.43284624065166
3721
1087.3140122028192
428.17012221945924
3722
1070.7885641604344
417.8417171929689
3723
1058.394478128646
411.64467417707453
3724
1046.0003920968572
403.38195015588224
3725
1031.5406250597707
393.05354512939175
3726
1019.1465390279823
382.72514010290126
3727
1006.7524529961936
374.46241608170897
3728
994.3583669644051
364.1340110552185
3729
981.9642809326167
353.805606028728
3730
971.6358759061261
343.4772010022376
3731
961.3074708796357
333.14879597574713
3732
950.9790658531454
320.7547099439586
3733
942.7163418319528
314.55766692806435
3734
934.4536178107605
304.22926190157386
3735
932.3879368054625
291.8351758697853
3736
928.2565747948663
281.50677084329493
3737
924.1252127842702
273.2440468221025
3738
922.0595317789721
262.91564179561215
2