3716
785.7245854292983
1056.1371478300784
3717
785.7245854292983
1025.151932750607
3718
789.8559474398944
998.298079681732
3719
796.0529904557886
969.3785456075587
3720
804.3157144769809
944.5903735439817
3721
810.5127574928752
919.8022014804046
3722
818.7754815140677
892.9483484115294
3723
827.03820553526
874.3572193638466
3724
829.103886540558
849.5690473002696
3725
833.2352485511542
830.9779182525867
3726
837.3666105617503
812.386789204904
3727
841.4979725723465
789.664298146625
3728
843.5636535776446
773.1388501042402
3729
845.6293345829426
752.4820400512593
3730
849.760696593539
733.8909110035765
3731
851.8263775988371
711.1684199452975
3732
855.9577396094332
694.6429719029128
3733
860.0891016200294
673.9861618499319
3734
864.2204636306255
653.3293517969511
3735
868.3518256412217
634.7382227492682
3736
872.4831876518178
620.2784557121817
3737
874.5488686571159
601.6873266644988
3738
876.614549662414
587.2275596274121
3739
880.7459116730104
574.8334735956237
3740
882.8115926783084
558.308025553239
3741
886.9429546889046
541.7825775108543
3742
889.0086356942027
531.4541724843638
3743
891.0743166995007
521.1257674578733
3744
893.1399977047988
508.7316814260847
3745
893.1399977047988
496.3375953942963
3746
895.2056787100969
488.07487137310386
3747
895.2056787100969
473.6151043360172
3748
895.2056787100969
459.1553372989306
3749
895.2056787100969
444.69557026184395
3750
897.271359715395
432.3014842300554
3751
901.4027217259911
415.7760361876707
3752
907.5997647418853
401.31626915058405
3753
909.6654457471834
384.79082110819934
3754
913.7968077577796
372.3967350764109
3755
922.0595317789721
355.8712870340262
3756
922.0595317789721
345.5428820075357
3757
922.0595317789721
331.08311497044906
3758
922.0595317789721
318.6890289386605
3759
924.1252127842702
308.36062391217
3760
922.0595317789721
293.9008568750835
3761
922.0595317789721
279.44108983799686
3762
919.993850773674
267.0470038062083
0