3722
1583.0774534743603
521.1257674578733
3723
1541.7638333683988
519.0600864525752
3724
1498.3845322571387
516.9944054472771
3725
1461.2022741617732
510.7973624313829
3726
1424.0200160664076
504.60031941548857
3727
1380.6407149551478
502.5346384101905
3728
1341.392775854484
496.3375953942963
3729
1300.0791557485222
488.07487137310386
3730
1260.8312166478586
479.81214735191156
3731
1221.583277547195
471.54942333071915
3732
1186.4667004571274
461.22101830422866
3733
1153.415804372358
450.8926132777383
3734
1124.4962702981848
438.49852724594973
3735
1093.5110552187134
426.10444121416117
3736
1068.7228831551363
411.64467417707453
3737
1041.869030086261
399.250588145286
3738
1017.0808580226842
386.8565021134975
3739
1000.5554099802994
376.52809708700704
3740
979.8985999273184
364.1340110552185
3741
961.3074708796357
349.67424401813184
3742
942.7163418319528
337.2801579863433
3743
928.2565747948663
329.017433965151
3744
917.9281697683759
314.55766692806435
3745
909.6654457471834
302.1635808962758
3746
905.5340837365873
287.70381385918915
3747
905.5340837365873
277.3754088326988
3748
907.5997647418853
262.91564179561215
2