3766
760.9364133657211
279.44108983799686
3767
758.8707323604231
298.03221888567964
3768
754.7393703498269
316.6233479333624
3769
752.6736893445288
341.41151999693955
3770
748.5423273339327
357.93696803932426
3771
746.4766463286344
378.5937780923051
3772
742.3452843180382
399.250588145286
3773
740.2796033127402
417.8417171929689
3774
740.2796033127402
436.43284624065166
3775
742.3452843180382
459.1553372989306
3776
748.5423273339327
473.6151043360172
3777
756.805051355125
488.07487137310386
3778
769.1991373869134
504.60031941548857
3779
781.5932234187019
519.0600864525752
3780
798.1186714610867
531.4541724843638
3781
814.6441195034715
541.7825775108543
3782
835.3009295564523
552.1109825373446
3783
855.9577396094332
560.373706558537
3784
884.8772736836065
568.6364305797293
3785
913.7968077577796
574.8334735956237
3786
938.5849798213567
578.9648356062198
3787
977.8329189220203
585.161878622114
3788
1008.8181340014917
587.2275596274121
3789
1043.9347110915592
591.3589216380084
3790
1079.051288181627
595.4902836486045
3791
1116.2335462769925
599.6216456592007
3792
1155.481485377656
599.6216456592007
3793
1190.5980624677236
603.7530076697968
3794
1231.9116825736853
607.8843696803931
3795
1275.290983684945
614.0814126962873
3796
1316.604603790907
618.2127747068835
3797
1359.9839049021668
624.4098177227778
3798
1407.4945680240228
628.541179733374
3799
1455.005231145879
632.6725417439701
3800
1500.4502132624368
632.6725417439701
3801
1550.026557389591
634.7382227492682
1