891
740.2796033127402
295.96653788038157
892
736.148241302144
322.82039094925665
893
732.0168792915479
343.4772010022376
894
729.9511982862498
362.0683300499204
895
725.8198362756536
386.8565021134975
896
721.6884742650575
409.57899317177646
897
717.5571122544613
432.3014842300554
898
713.425750243865
452.95829428303637
899
709.2943882332688
475.6807853413153
900
703.0973452173746
496.3375953942963
901
698.9659832067784
519.0600864525752
902
690.7032591855861
537.651215500258
903
684.5062161696919
556.2423445479408
904
674.1778111432013
574.8334735956237
905
665.915087122009
595.4902836486045
906
655.5866820955187
612.0157316909892
907
643.19259606373
630.606860738672
908
626.6671480213454
647.1323087810567
909
608.0760189736625
665.7234378287395
910
589.4848899259798
682.2488858711243
911
560.5653558518065
700.8400149188071
912
533.7115027829313
713.2341009505957
913
502.72628770345995
727.6938679876823
914
473.8067536292867
742.1536350247688
915
438.6901765392192
758.6790830671537
916
395.3108754279594
769.007488093644
917
351.9315743166995
777.2702121148363
918
308.5522732054396
779.3358931201345
919
263.1072910888817
787.5986171413269
920
217.66230897232373
791.7299791519231
921
174.28300786106382
799.9927031731154
922
122.64098272861162
806.1897461890096
923
70.99895759615941
812.386789204904
2