3782
696.9003022014804
1058.2028288353765
3783
701.0316642120765
1000.3637606870301
3784
705.1630262226727
948.7217355545779
3785
715.491431249163
892.9483484115294
3786
727.8855172809517
845.4376852896734
3787
740.2796033127402
808.2554271943077
3788
763.0020943710192
756.6134020618556
3789
785.7245854292983
715.2997819558938
3790
808.4470764875771
673.9861618499319
3791
831.1695675458561
632.6725417439701
3792
849.760696593539
595.4902836486045
3793
868.3518256412217
558.308025553239
3794
882.8115926783084
519.0600864525752
3795
893.1399977047988
486.0091903678058
3796
903.4684027312892
448.8269322724402
3797
909.6654457471834
421.973079203565
3798
913.7968077577796
386.8565021134975
3799
915.8624887630779
357.93696803932426
3800
919.993850773674
324.88607195455484
3801
917.9281697683759
295.96653788038157
3802
919.993850773674
269.11268481150637
0