3789
800.1843524663848
291.8351758697853
3790
798.1186714610867
312.4919859227663
3791
798.1186714610867
331.08311497044906
3792
798.1186714610867
353.805606028728
3793
798.1186714610867
374.46241608170897
3794
798.1186714610867
401.31626915058405
3795
798.1186714610867
419.90739819826695
3796
796.0529904557886
440.5642082512478
3797
796.0529904557886
467.418061320123
3798
796.0529904557886
492.2062333837
3799
796.0529904557886
516.9944054472771
3800
796.0529904557886
537.651215500258
3801
796.0529904557886
564.5050685691332
3802
796.0529904557886
593.4246026433065
3803
796.0529904557886
616.1470937015854
3804
791.9216284451925
647.1323087810567
3805
791.9216284451925
671.9204808446339
3806
789.8559474398944
704.9713769294033
3807
787.7902664345963
731.8252299982785
3808
785.7245854292983
766.941807088346
3809
783.6589044240002
797.9270221678173
3810
781.5932234187019
833.0435992578848
3811
781.5932234187019
866.0944953426542
3812
779.5275424134038
905.342434443318
3813
777.4618614081057
938.3933305280874
3814
775.3961804028077
979.7069506340492
3815
773.3304993975096
1018.9548897347129
3816
769.1991373869134
1052.0057858194823
0