3807
1033.6063060650688
1074.7282768777613
3808
1035.6719870703669
1045.808742803588
3809
1037.737668075665
1018.9548897347129
3810
1033.6063060650688
994.1667176711358
3811
1031.5406250597707
967.3128646022607
3812
1027.4092630491746
944.5903735439817
3813
1027.4092630491746
917.7365204751065
3814
1027.4092630491746
892.9483484115294
3815
1031.5406250597707
872.2915383585486
3816
1037.737668075665
843.3720042843753
3817
1043.9347110915592
824.7808752366925
3818
1050.1317541074536
802.0583841784135
3819
1054.2631161180498
779.3358931201345
3820
1050.1317541074536
756.6134020618556
3821
1048.0660731021555
731.8252299982785
3822
1041.869030086261
709.1027389399994
3823
1035.6719870703669
690.5116098923166
3824
1027.4092630491746
669.8547998393358
3825
1015.0151770173861
645.0666277757587
3826
1008.8181340014917
626.4754987280759
3827
998.4897289750013
607.8843696803931
3828
988.1613239485109
591.3589216380084
3829
979.8985999273184
568.6364305797293
3830
973.7015569114242
552.1109825373446
3831
963.3731518849338
535.5855344949599
3832
955.1104278637415
514.928724441979
3833
948.9133848478473
498.40327639959435
3834
942.7163418319528
483.9435093625077
3835
934.4536178107605
467.418061320123
3836
928.2565747948663
448.8269322724402
3837
922.0595317789721
434.3671652353536
3838
913.7968077577796
415.7760361876707
3839
907.5997647418853
399.250588145286
3840
903.4684027312892
382.72514010290126
3841
897.271359715395
368.26537306581463
3842
893.1399977047988
353.805606028728
3843
886.9429546889046
335.2144769810452
3844
884.8772736836065
318.6890289386605
3845
882.8115926783084
308.36062391217
3846
880.7459116730104
291.8351758697853
3847
880.7459116730104
277.3754088326988
3848
880.7459116730104
262.91564179561215
0