3820
1545.895195378995
523.1914484631714
3821
1504.581575273033
519.0600864525752
3822
1463.2679551670712
510.7973624313829
3823
1430.2170590823018
502.5346384101905
3824
1397.1661629975324
496.3375953942963
3825
1362.049585907465
486.0091903678058
3826
1331.0643708279936
481.87782835720964
3827
1302.1448367538203
471.54942333071915
3828
1273.225302679647
465.3523803148249
3829
1248.4371306160701
457.0896562936325
3830
1221.583277547195
446.76125126714203
3831
1202.992148499512
440.5642082512478
3832
1182.3353384465313
434.3671652353536
3833
1159.6128473882522
428.17012221945924
3834
1138.9560373352713
421.973079203565
3835
1116.2335462769925
413.7103551823726
3836
1095.5767362240115
407.5133121664784
3837
1072.8542451657324
397.1849071399879
3838
1056.3287971233478
384.79082110819934
3839
1037.737668075665
376.52809708700704
3840
1023.2779010385784
368.26537306581463
3841
1006.7524529961936
357.93696803932426
3842
988.1613239485109
341.41151999693955
3843
973.7015569114242
329.017433965151
3844
959.2417898743377
314.55766692806435
3845
953.0447468584434
302.1635808962758
3846
944.7820228372509
285.6381328538911
3847
936.5192988160586
271.17836581680444
2