3840
773.3304993975096
279.44108983799686
3841
771.2648183922115
293.9008568750835
3842
769.1991373869134
314.55766692806435
3843
765.0677753763173
335.2144769810452
3844
763.0020943710192
349.67424401813184
3845
765.0677753763173
366.19969206051655
3846
763.0020943710192
390.9878641240937
3847
765.0677753763173
409.57899317177646
3848
769.1991373869134
426.10444121416117
3849
767.1334563816154
444.69557026184395
3850
771.2648183922115
465.3523803148249
3851
771.2648183922115
481.87782835720964
3852
773.3304993975096
504.60031941548857
3853
775.3961804028077
525.2571294684694
3854
775.3961804028077
545.9139395214504
3855
775.3961804028077
568.6364305797293
3856
779.5275424134038
593.4246026433065
3857
779.5275424134038
618.2127747068835
3858
785.7245854292983
647.1323087810567
3859
789.8559474398944
673.9861618499319
3860
796.0529904557886
709.1027389399994
3861
800.1843524663848
738.0222730141727
3862
806.381395482279
779.3358931201345
3863
808.4470764875771
812.386789204904
3864
804.3157144769809
853.7004093108658
3865
802.2500334716829
897.0797104221256
3866
802.2500334716829
936.3276495227893
3867
800.1843524663848
983.8383126446454
3868
796.0529904557886
1025.151932750607
3869
787.7902664345963
1066.465552856569
0