3843
769.1991373869134
275.3097278274006
3844
769.1991373869134
293.9008568750835
3845
767.1334563816154
310.4263049174682
3846
767.1334563816154
329.017433965151
3847
767.1334563816154
345.5428820075357
3848
765.0677753763173
364.1340110552185
3849
763.0020943710192
382.72514010290126
3850
760.9364133657211
399.250588145286
3851
760.9364133657211
419.90739819826695
3852
756.805051355125
432.3014842300554
3853
756.805051355125
459.1553372989306
3854
758.8707323604231
477.7464663466134
3855
758.8707323604231
490.14055237840194
3856
765.0677753763173
508.7316814260847
3857
767.1334563816154
527.3228104737676
3858
769.1991373869134
537.651215500258
3859
773.3304993975096
554.1766635426427
3860
783.6589044240002
568.6364305797293
3861
793.9873094504906
578.9648356062198
3862
808.4470764875771
595.4902836486045
3863
827.03820553526
605.818688675095
3864
847.6950155882407
618.2127747068835
3865
876.614549662414
628.541179733374
3866
915.8624887630779
638.8695847598644
3867
955.1104278637415
643.0009467704606
3868
998.4897289750013
640.9352657651625
3869
1037.737668075665
640.9352657651625
3870
1079.051288181627
638.8695847598644
3871
1122.4305892928867
647.1323087810567
3872
1172.0069334200407
651.263670791653
3873
1215.3862345313007
653.3293517969511
3874
1260.8312166478586
659.5263948128453
3875
1310.4075607750126
661.5920758181434
3876
1368.2466289233591
663.6577568234414
3877
1417.8229730505134
663.6577568234414
3878
1471.5306791882635
659.5263948128453
3879
1527.304066331312
655.3950328022491
3880
1581.0117724690624
651.263670791653
1