3853
816.7098005087696
287.70381385918915
3854
814.6441195034715
304.22926190157386
3855
816.7098005087696
326.9517529598529
3856
814.6441195034715
345.5428820075357
3857
814.6441195034715
364.1340110552185
3858
814.6441195034715
382.72514010290126
3859
814.6441195034715
403.38195015588224
3860
816.7098005087696
421.973079203565
3861
818.7754815140677
440.5642082512478
3862
818.7754815140677
459.1553372989306
3863
820.8411625193658
475.6807853413153
3864
824.9725245299619
496.3375953942963
3865
831.1695675458561
516.9944054472771
3866
837.3666105617503
537.651215500258
3867
843.5636535776446
552.1109825373446
3868
853.8920586041352
572.7677925903256
3869
860.0891016200294
591.3589216380084
3870
866.2861446359236
605.818688675095
3871
874.5488686571159
628.541179733374
3872
872.4831876518178
643.0009467704606
3873
872.4831876518178
663.6577568234414
3874
866.2861446359236
678.1175238605281
3875
860.0891016200294
696.7086529082109
3876
853.8920586041352
711.1684199452975
3877
847.6950155882407
725.6281869823842
3878
843.5636535776446
740.0879540194708
3879
841.4979725723465
754.5477210565574
3880
837.3666105617503
766.941807088346
3881
833.2352485511542
785.5329361360288
3882
831.1695675458561
799.9927031731154
3883
822.9068435246638
812.386789204904
3884
816.7098005087696
820.6495132260964
3885
810.5127574928752
833.0435992578848
3886
806.381395482279
847.5033662949714
3887
804.3157144769809
861.9631333320581
3888
802.2500334716829
872.2915383585486
3889
798.1186714610867
880.554262379741
3890
798.1186714610867
886.7513053956352
3891
793.9873094504906
895.0140294168275
3892
789.8559474398944
903.2767534380199
3893
785.7245854292983
913.6051584645104
3894
785.7245854292983
921.8678824857027
3895
787.7902664345963
936.3276495227893
3896
791.9216284451925
948.7217355545779
3897
793.9873094504906
956.9844595757702
3898
793.9873094504906
967.3128646022607
3899
789.8559474398944
981.7726316393473
3900
789.8559474398944
992.1010366658377
3901
787.7902664345963
1006.5608037029244
3902
781.5932234187019
1018.9548897347129
3903
781.5932234187019
1033.4146567717994
3904
777.4618614081057
1047.8744238088861
3905
775.3961804028077
1056.1371478300784
3906
779.5275424134038
1066.465552856569
0