3856
767.1334563816154
271.17836581680444
3857
767.1334563816154
283.572451848593
3858
765.0677753763173
306.29494290687194
3859
763.0020943710192
322.82039094925665
3860
763.0020943710192
339.34583899164136
3861
760.9364133657211
355.8712870340262
3862
760.9364133657211
374.46241608170897
3863
760.9364133657211
397.1849071399879
3864
758.8707323604231
413.7103551823726
3865
756.805051355125
430.2358032247573
3866
756.805051355125
450.8926132777383
3867
752.6736893445288
473.6151043360172
3868
748.5423273339327
488.07487137310386
3869
748.5423273339327
508.7316814260847
3870
748.5423273339327
531.4541724843638
3871
746.4766463286344
552.1109825373446
3872
748.5423273339327
576.8991546009217
3873
750.6080083392308
597.5559646539026
3874
754.7393703498269
614.0814126962873
3875
756.805051355125
636.8039037545664
3876
758.8707323604231
655.3950328022491
3877
765.0677753763173
671.9204808446339
3878
765.0677753763173
694.6429719029128
3879
765.0677753763173
713.2341009505957
3880
765.0677753763173
727.6938679876823
3881
765.0677753763173
750.4163590459613
3882
765.0677753763173
766.941807088346
3883
765.0677753763173
785.5329361360288
3884
763.0020943710192
799.9927031731154
3885
765.0677753763173
820.6495132260964
3886
765.0677753763173
839.240642273779
3887
763.0020943710192
855.7660903161639
3888
763.0020943710192
864.0288143373562
3889
758.8707323604231
882.619943385039
3890
752.6736893445288
897.0797104221256
3891
748.5423273339327
913.6051584645104
3892
740.2796033127402
925.9992444962988
3893
734.0825602968459
940.4590115333855
3894
729.9511982862498
954.9187785704721
3895
727.8855172809517
971.4442266128568
3896
721.6884742650575
985.9039936499435
3897
717.5571122544613
1000.3637606870301
3898
713.425750243865
1016.8892087294148
3899
711.3600692385669
1037.5460187823958
3900
709.2943882332688
1054.0714668247804
3901
709.2943882332688
1072.6625958724633
0