3862
725.8198362756536
279.44108983799686
3863
725.8198362756536
287.70381385918915
3864
725.8198362756536
298.03221888567964
3865
727.8855172809517
308.36062391217
3866
723.7541552703556
320.7547099439586
3867
723.7541552703556
331.08311497044906
3868
723.7541552703556
343.4772010022376
3869
721.6884742650575
353.805606028728
3870
721.6884742650575
364.1340110552185
3871
719.6227932597594
378.5937780923051
3872
717.5571122544613
388.9221831187956
3873
715.491431249163
403.38195015588224
3874
711.3600692385669
415.7760361876707
3875
707.2287072279707
430.2358032247573
3876
703.0973452173746
440.5642082512478
3877
696.9003022014804
457.0896562936325
3878
690.7032591855861
469.4837423254211
3879
684.5062161696919
483.9435093625077
3880
684.5062161696919
500.4689574048924
3881
686.57189717499
514.928724441979
3882
686.57189717499
527.3228104737676
3883
688.6375781802881
541.7825775108543
3884
690.7032591855861
558.308025553239
3885
694.8346211961823
572.7677925903256
3886
701.0316642120765
585.161878622114
3887
701.0316642120765
599.6216456592007
3888
703.0973452173746
614.0814126962873
3889
701.0316642120765
630.606860738672
3890
701.0316642120765
647.1323087810567
3891
701.0316642120765
663.6577568234414
3892
701.0316642120765
678.1175238605281
3893
703.0973452173746
694.6429719029128
3894
707.2287072279707
711.1684199452975
3895
713.425750243865
729.7595489929804
3896
717.5571122544613
742.1536350247688
3897
721.6884742650575
760.7447640724517
3898
723.7541552703556
781.4015741254326
3899
723.7541552703556
795.8613411625192
3900
725.8198362756536
818.5838322207983
3901
727.8855172809517
837.174961268481
3902
729.9511982862498
855.7660903161639
3903
734.0825602968459
874.3572193638466
3904
734.0825602968459
895.0140294168275
3905
742.3452843180382
915.6708394698085
3906
746.4766463286344
932.1962875121931
3907
750.6080083392308
952.853097565174
3908
752.6736893445288
975.5755886234531
3909
748.5423273339327
992.1010366658377
3910
746.4766463286344
1012.7578467188187
3911
738.2139223074421
1031.3489757665016
3912
736.148241302144
1047.8744238088861
3913
736.148241302144
1068.5312338618671
0