3866
800.1843524663848
275.3097278274006
3867
798.1186714610867
293.9008568750835
3868
800.1843524663848
318.6890289386605
3869
798.1186714610867
339.34583899164136
3870
798.1186714610867
360.00264904462233
3871
798.1186714610867
388.9221831187956
3872
796.0529904557886
411.64467417707453
3873
796.0529904557886
428.17012221945924
3874
791.9216284451925
455.02397528833444
3875
789.8559474398944
473.6151043360172
3876
793.9873094504906
490.14055237840194
3877
800.1843524663848
514.928724441979
3878
816.7098005087696
533.5198534896618
3879
831.1695675458561
545.9139395214504
3880
853.8920586041352
566.5707495744313
3881
889.0086356942027
578.9648356062198
3882
922.0595317789721
591.3589216380084
3883
955.1104278637415
601.6873266644988
3884
998.4897289750013
609.9500506856912
3885
1041.869030086261
612.0157316909892
3886
1085.248331197521
607.8843696803931
3887
1128.627632308781
605.818688675095
3888
1180.2696574412332
595.4902836486045
3889
1221.583277547195
587.2275596274121
3890
1262.8968976531567
581.0305166115179
3891
1306.2761987644164
574.8334735956237
3892
1349.6554998756765
572.7677925903256
3893
1395.1004819922343
568.6364305797293
3894
1438.4797831034941
560.373706558537
3895
1485.9904462253503
556.2423445479408
3896
1531.4354283419082
554.1766635426427
3897
1581.0117724690624
547.9796205267485
1