959
785.7245854292983
302.1635808962758
960
785.7245854292983
324.88607195455484
961
785.7245854292983
345.5428820075357
962
783.6589044240002
366.19969206051655
963
781.5932234187019
386.8565021134975
964
781.5932234187019
409.57899317177646
965
781.5932234187019
428.17012221945924
966
783.6589044240002
450.8926132777383
967
791.9216284451925
471.54942333071915
968
802.2500334716829
488.07487137310386
969
816.7098005087696
504.60031941548857
970
831.1695675458561
519.0600864525752
971
849.760696593539
533.5198534896618
972
866.2861446359236
543.8482585161523
973
886.9429546889046
552.1109825373446
974
909.6654457471834
558.308025553239
975
932.3879368054625
564.5050685691332
976
959.2417898743377
572.7677925903256
977
988.1613239485109
576.8991546009217
978
1023.2779010385784
581.0305166115179
979
1058.394478128646
581.0305166115179
980
1091.4453742134153
581.0305166115179
981
1120.3649082875886
578.9648356062198
982
1153.415804372358
574.8334735956237
983
1180.2696574412332
566.5707495744313
984
1211.2548725207046
547.9796205267485
985
1250.5028116213682
552.1109825373446
986
1287.6850697167338
552.1109825373446
987
1331.0643708279936
550.0453015320466
988
1374.4436719392534
547.9796205267485
989
1415.7572920452153
543.8482585161523
990
1465.3336361723693
541.7825775108543
991
1512.8442992942255
535.5855344949599
992
1572.74904844787
533.5198534896618
1