3877
742.3452843180382
283.572451848593
3878
742.3452843180382
300.0978998909777
3879
744.4109653233363
314.55766692806435
3880
742.3452843180382
329.017433965151
3881
742.3452843180382
343.4772010022376
3882
742.3452843180382
353.805606028728
3883
742.3452843180382
372.3967350764109
3884
742.3452843180382
388.9221831187956
3885
742.3452843180382
405.4476311611803
3886
744.4109653233363
419.90739819826695
3887
744.4109653233363
438.49852724594973
3888
744.4109653233363
455.02397528833444
3889
746.4766463286344
473.6151043360172
3890
752.6736893445288
490.14055237840194
3891
756.805051355125
504.60031941548857
3892
760.9364133657211
527.3228104737676
3893
763.0020943710192
543.8482585161523
3894
765.0677753763173
562.4393875638351
3895
769.1991373869134
583.096197616816
3896
771.2648183922115
601.6873266644988
3897
775.3961804028077
616.1470937015854
3898
775.3961804028077
634.7382227492682
3899
777.4618614081057
655.3950328022491
3900
775.3961804028077
667.7891188340377
3901
773.3304993975096
684.3145668764224
3902
773.3304993975096
704.9713769294033
3903
773.3304993975096
721.496824971788
3904
773.3304993975096
735.9565920088746
3905
775.3961804028077
752.4820400512593
3906
771.2648183922115
769.007488093644
3907
771.2648183922115
787.5986171413269
3908
769.1991373869134
804.1240651837115
3909
765.0677753763173
820.6495132260964
3910
760.9364133657211
841.3063232790772
3911
758.8707323604231
853.7004093108658
3912
756.805051355125
872.2915383585486
3913
756.805051355125
886.7513053956352
3914
758.8707323604231
903.2767534380199
3915
756.805051355125
919.8022014804046
3916
756.805051355125
936.3276495227893
3917
756.805051355125
950.787416559876
3918
758.8707323604231
969.3785456075587
3919
758.8707323604231
983.8383126446454
3920
760.9364133657211
1002.4294416923282
3921
760.9364133657211
1018.9548897347129
3922
763.0020943710192
1035.4803377770977
3923
765.0677753763173
1052.0057858194823
3924
767.1334563816154
1066.465552856569
0