3893
760.9364133657211
283.572451848593
3894
760.9364133657211
293.9008568750835
3895
758.8707323604231
304.22926190157386
3896
758.8707323604231
318.6890289386605
3897
756.805051355125
329.017433965151
3898
758.8707323604231
343.4772010022376
3899
758.8707323604231
357.93696803932426
3900
760.9364133657211
366.19969206051655
3901
763.0020943710192
382.72514010290126
3902
763.0020943710192
397.1849071399879
3903
760.9364133657211
413.7103551823726
3904
760.9364133657211
430.2358032247573
3905
760.9364133657211
444.69557026184395
3906
758.8707323604231
461.22101830422866
3907
756.805051355125
473.6151043360172
3908
756.805051355125
490.14055237840194
3909
758.8707323604231
506.66600042078665
3910
758.8707323604231
516.9944054472771
3911
758.8707323604231
533.5198534896618
3912
758.8707323604231
543.8482585161523
3913
754.7393703498269
556.2423445479408
3914
754.7393703498269
570.7021115850274
3915
752.6736893445288
585.161878622114
3916
750.6080083392308
599.6216456592007
3917
750.6080083392308
614.0814126962873
3918
752.6736893445288
626.4754987280759
3919
754.7393703498269
643.0009467704606
3920
760.9364133657211
657.4607138075472
3921
763.0020943710192
667.7891188340377
3922
765.0677753763173
684.3145668764224
3923
765.0677753763173
700.8400149188071
3924
763.0020943710192
715.2997819558938
3925
763.0020943710192
731.8252299982785
3926
767.1334563816154
746.284997035365
3927
769.1991373869134
762.8104450777498
3928
773.3304993975096
781.4015741254326
3929
775.3961804028077
793.7956601572212
3930
775.3961804028077
810.3211081996059
3931
773.3304993975096
828.9122372472887
3932
771.2648183922115
847.5033662949714
3933
771.2648183922115
861.9631333320581
3934
773.3304993975096
878.4885813744428
3935
777.4618614081057
897.0797104221256
3936
779.5275424134038
919.8022014804046
3937
785.7245854292983
938.3933305280874
3938
789.8559474398944
961.1158215863663
3939
791.9216284451925
981.7726316393473
3940
793.9873094504906
1008.6264847082225
3941
798.1186714610867
1035.4803377770977
3942
800.1843524663848
1060.2685098406746
0