3915
905.5340837365873
1062.334190845973
3916
897.271359715395
1039.6116997876939
3917
893.1399977047988
1021.020570740011
3918
886.9429546889046
1002.4294416923282
3919
880.7459116730104
979.7069506340492
3920
874.5488686571159
963.1815025916644
3921
870.4175066465198
944.5903735439817
3922
868.3518256412217
923.9335634910008
3923
866.2861446359236
901.2110724327217
3924
866.2861446359236
884.6856243903371
3925
862.1547826253275
864.0288143373562
3926
860.0891016200294
843.3720042843753
3927
858.0234206147313
824.7808752366925
3928
860.0891016200294
806.1897461890096
3929
860.0891016200294
783.4672551307307
3930
860.0891016200294
762.8104450777498
3931
862.1547826253275
746.284997035365
3932
864.2204636306255
725.6281869823842
3933
868.3518256412217
704.9713769294033
3934
870.4175066465198
688.4459288870186
3935
874.5488686571159
667.7891188340377
3936
878.6802306677121
649.1979897863548
3937
884.8772736836065
632.6725417439701
3938
891.0743166995007
612.0157316909892
3939
897.271359715395
591.3589216380084
3940
903.4684027312892
568.6364305797293
3941
909.6654457471834
554.1766635426427
3942
913.7968077577796
531.4541724843638
3943
919.993850773674
512.863043436681
3944
924.1252127842702
494.2719143889981
3945
928.2565747948663
475.6807853413153
3946
932.3879368054625
452.95829428303637
3947
932.3879368054625
438.49852724594973
3948
936.5192988160586
419.90739819826695
3949
940.6506608266548
397.1849071399879
3950
942.7163418319528
380.6594590976032
3951
942.7163418319528
366.19969206051655
3952
944.7820228372509
349.67424401813184
3953
946.8477038425492
329.017433965151
3954
946.8477038425492
314.55766692806435
3955
950.9790658531454
300.0978998909777
3956
950.9790658531454
285.6381328538911
3957
955.1104278637415
267.0470038062083
0