3923
946.8477038425492
1060.2685098406746
3924
932.3879368054625
1041.677380792992
3925
919.993850773674
1027.2176137559052
3926
909.6654457471834
1012.7578467188187
3927
897.271359715395
992.1010366658377
3928
886.9429546889046
975.5755886234531
3929
878.6802306677121
959.0501405810683
3930
870.4175066465198
944.5903735439817
3931
864.2204636306255
930.130606506895
3932
858.0234206147313
915.6708394698085
3933
853.8920586041352
897.0797104221256
3934
851.8263775988371
882.619943385039
3935
851.8263775988371
866.0944953426542
3936
851.8263775988371
843.3720042843753
3937
851.8263775988371
824.7808752366925
3938
851.8263775988371
808.2554271943077
3939
851.8263775988371
783.4672551307307
3940
853.8920586041352
764.8761260830479
3941
853.8920586041352
748.3506780406632
3942
853.8920586041352
721.496824971788
3943
853.8920586041352
702.9056959241052
3944
853.8920586041352
678.1175238605281
3945
853.8920586041352
657.4607138075472
3946
855.9577396094332
634.7382227492682
3947
858.0234206147313
614.0814126962873
3948
862.1547826253275
585.161878622114
3949
864.2204636306255
564.5050685691332
3950
870.4175066465198
541.7825775108543
3951
876.614549662414
519.0600864525752
3952
880.7459116730104
498.40327639959435
3953
886.9429546889046
477.7464663466134
3954
891.0743166995007
455.02397528833444
3955
895.2056787100969
438.49852724594973
3956
895.2056787100969
417.8417171929689
3957
897.271359715395
395.1192261346898
3958
899.337040720693
378.5937780923051
3959
901.4027217259911
357.93696803932426
3960
901.4027217259911
337.2801579863433
3961
901.4027217259911
318.6890289386605
3962
903.4684027312892
304.22926190157386
3963
899.337040720693
283.572451848593
3964
899.337040720693
264.9813228009102
0