3925
779.5275424134038
281.50677084329493
3926
779.5275424134038
306.29494290687194
3927
775.3961804028077
333.14879597574713
3928
771.2648183922115
357.93696803932426
3929
767.1334563816154
382.72514010290126
3930
758.8707323604231
409.57899317177646
3931
754.7393703498269
438.49852724594973
3932
748.5423273339327
469.4837423254211
3933
742.3452843180382
496.3375953942963
3934
736.148241302144
529.3884914790657
3935
729.9511982862498
556.2423445479408
3936
715.491431249163
591.3589216380084
3937
709.2943882332688
622.3441367174797
3938
701.0316642120765
661.5920758181434
3939
698.9659832067784
688.4459288870186
3940
703.0973452173746
729.7595489929804
3941
711.3600692385669
758.6790830671537
3942
725.8198362756536
789.664298146625
3943
736.148241302144
814.452470210202
3944
748.5423273339327
843.3720042843753
3945
756.805051355125
868.1601763479523
3946
763.0020943710192
895.0140294168275
3947
763.0020943710192
919.8022014804046
3948
763.0020943710192
946.6560545492798
3949
760.9364133657211
973.509907618155
3950
752.6736893445288
996.232398676434
3951
742.3452843180382
1018.9548897347129
3952
736.148241302144
1047.8744238088861
3953
729.9511982862498
1070.5969148671652
0