4045
793.9873094504906
1056.1371478300784
4046
800.1843524663848
1016.8892087294148
4047
806.381395482279
979.7069506340492
4048
812.5784384981732
944.5903735439817
4049
818.7754815140677
905.342434443318
4050
824.9725245299619
876.4229003691447
4051
833.2352485511542
841.3063232790772
4052
839.4322915670484
810.3211081996059
4053
847.6950155882407
777.2702121148363
4054
853.8920586041352
750.4163590459613
4055
860.0891016200294
717.3654629611918
4056
864.2204636306255
692.5772908976147
4057
870.4175066465198
661.5920758181434
4058
874.5488686571159
636.8039037545664
4059
880.7459116730104
609.9500506856912
4060
882.8115926783084
581.0305166115179
4061
886.9429546889046
560.373706558537
4062
891.0743166995007
531.4541724843638
4063
895.2056787100969
506.66600042078665
4064
897.271359715395
490.14055237840194
4065
899.337040720693
463.28669930952674
4066
905.5340837365873
444.69557026184395
4067
905.5340837365873
426.10444121416117
4068
907.5997647418853
403.38195015588224
4069
909.6654457471834
384.79082110819934
4070
909.6654457471834
368.26537306581463
4071
909.6654457471834
347.60856301283377
4072
909.6654457471834
331.08311497044906
4073
911.7311267524815
314.55766692806435
4074
913.7968077577796
300.0978998909777
4075
911.7311267524815
281.50677084329493
4076
913.7968077577796
267.0470038062083
0