4048
858.0234206147313
1041.677380792992
4049
866.2861446359236
1004.4951226976262
4050
874.5488686571159
956.9844595757702
4051
882.8115926783084
919.8022014804046
4052
891.0743166995007
878.4885813744428
4053
901.4027217259911
837.174961268481
4054
909.6654457471834
802.0583841784135
4055
919.993850773674
762.8104450777498
4056
928.2565747948663
735.9565920088746
4057
936.5192988160586
700.8400149188071
4058
940.6506608266548
671.9204808446339
4059
944.7820228372509
643.0009467704606
4060
946.8477038425492
616.1470937015854
4061
950.9790658531454
591.3589216380084
4062
953.0447468584434
570.7021115850274
4063
957.1761088690396
547.9796205267485
4064
961.3074708796357
521.1257674578733
4065
965.4388328902319
498.40327639959435
4066
965.4388328902319
475.6807853413153
4067
963.3731518849338
450.8926132777383
4068
961.3074708796357
436.43284624065166
4069
957.1761088690396
411.64467417707453
4070
957.1761088690396
393.05354512939175
4071
957.1761088690396
372.3967350764109
4072
955.1104278637415
353.805606028728
4073
957.1761088690396
331.08311497044906
4074
955.1104278637415
318.6890289386605
4075
955.1104278637415
298.03221888567964
4076
953.0447468584434
279.44108983799686
0