4065
717.5571122544613
279.44108983799686
4066
717.5571122544613
304.22926190157386
4067
715.491431249163
331.08311497044906
4068
713.425750243865
351.7399250234299
4069
713.425750243865
372.3967350764109
4070
711.3600692385669
399.250588145286
4071
711.3600692385669
421.973079203565
4072
711.3600692385669
450.8926132777383
4073
709.2943882332688
475.6807853413153
4074
709.2943882332688
498.40327639959435
4075
709.2943882332688
525.2571294684694
4076
711.3600692385669
547.9796205267485
4077
715.491431249163
574.8334735956237
4078
719.6227932597594
599.6216456592007
4079
721.6884742650575
622.3441367174797
4080
727.8855172809517
653.3293517969511
4081
732.0168792915479
673.9861618499319
4082
734.0825602968459
704.9713769294033
4083
734.0825602968459
727.6938679876823
4084
736.148241302144
756.6134020618556
4085
734.0825602968459
785.5329361360288
4086
734.0825602968459
810.3211081996059
4087
729.9511982862498
839.240642273779
4088
729.9511982862498
864.0288143373562
4089
729.9511982862498
892.9483484115294
4090
734.0825602968459
919.8022014804046
4091
738.2139223074421
944.5903735439817
4092
744.4109653233363
975.5755886234531
4093
748.5423273339327
1002.4294416923282
4094
746.4766463286344
1035.4803377770977
4095
744.4109653233363
1064.3998718512707
0