4077
1541.7638333683988
574.8334735956237
4078
1506.647256278331
587.2275596274121
4079
1467.3993171776674
591.3589216380084
4080
1430.2170590823018
599.6216456592007
4081
1393.0348009869363
607.8843696803931
4082
1357.9182238968688
618.2127747068835
4083
1322.8016468068013
628.541179733374
4084
1285.6193887114357
638.8695847598644
4085
1248.4371306160701
653.3293517969511
4086
1209.1891915154063
663.6577568234414
4087
1178.203976435935
667.7891188340377
4088
1143.0873993458674
684.3145668764224
4089
1103.8394602452038
698.774333913509
4090
1072.8542451657324
713.2341009505957
4091
1043.9347110915592
729.7595489929804
4092
1019.1465390279823
748.3506780406632
4093
986.0956429432129
766.941807088346
4094
965.4388328902319
785.5329361360288
4095
940.6506608266548
812.386789204904
4096
917.9281697683759
843.3720042843753
4097
899.337040720693
870.2258573532504
4098
878.6802306677121
903.2767534380199
4099
860.0891016200294
932.1962875121931
4100
843.5636535776446
967.3128646022607
4101
831.1695675458561
1002.4294416923282
4102
820.8411625193658
1039.6116997876939
1