4102
1587.2088154849564
558.308025553239
4103
1552.0922383948891
554.1766635426427
4104
1516.9756613048216
554.1766635426427
4105
1485.9904462253503
550.0453015320466
4106
1450.8738691352828
543.8482585161523
4107
1417.8229730505134
541.7825775108543
4108
1386.837757971042
535.5855344949599
4109
1355.8525428915707
529.3884914790657
4110
1322.8016468068013
521.1257674578733
4111
1295.947793737926
512.863043436681
4112
1267.0282596637528
510.7973624313829
4113
1240.1744065948776
502.5346384101905
4114
1215.3862345313007
494.2719143889981
4115
1190.5980624677236
486.0091903678058
4116
1167.8755714094445
473.6151043360172
4117
1143.0873993458674
467.418061320123
4118
1122.4305892928867
457.0896562936325
4119
1099.7080982346076
446.76125126714203
4120
1076.9856071763286
438.49852724594973
4121
1054.2631161180498
428.17012221945924
4122
1037.737668075665
415.7760361876707
4123
1017.0808580226842
403.38195015588224
4124
996.4240479697032
384.79082110819934
4125
977.8329189220203
374.46241608170897
4126
963.3731518849338
362.0683300499204
4127
948.9133848478473
349.67424401813184
4128
934.4536178107605
331.08311497044906
4129
926.1908937895682
320.7547099439586
4130
917.9281697683759
304.22926190157386
4131
909.6654457471834
291.8351758697853
4132
905.5340837365873
275.3097278274006
4133
899.337040720693
260.84996079031396
2