965
1554.1579194001872
562.4393875638351
966
1504.581575273033
564.5050685691332
967
1461.2022741617732
570.7021115850274
968
1411.6259300346192
574.8334735956237
969
1372.3779909339553
583.096197616816
970
1331.0643708279936
585.161878622114
971
1289.7507507220319
589.2932406327103
972
1250.5028116213682
591.3589216380084
973
1215.3862345313007
595.4902836486045
974
1180.2696574412332
597.5559646539026
975
1153.415804372358
597.5559646539026
976
1126.5619513034828
607.8843696803931
977
1101.7737792399057
616.1470937015854
978
1074.9199261710305
626.4754987280759
979
1048.0660731021555
632.6725417439701
980
1021.2122200332803
638.8695847598644
981
996.4240479697032
651.263670791653
982
973.7015569114242
659.5263948128453
983
950.9790658531454
671.9204808446339
984
928.2565747948663
688.4459288870186
985
901.4027217259911
704.9713769294033
986
878.6802306677121
719.4311439664899
987
855.9577396094332
735.9565920088746
988
833.2352485511542
758.6790830671537
989
804.3157144769809
781.4015741254326
990
783.6589044240002
804.1240651837115
991
765.0677753763173
835.1092802631829
992
746.4766463286344
859.89745232676
993
740.2796033127402
897.0797104221256
994
732.0168792915479
923.9335634910008
995
727.8855172809517
961.1158215863663
996
723.7541552703556
992.1010366658377
997
721.6884742650575
1027.2176137559052
998
719.6227932597594
1060.2685098406746
1