4154
758.8707323604231
279.44108983799686
4155
754.7393703498269
298.03221888567964
4156
754.7393703498269
318.6890289386605
4157
752.6736893445288
343.4772010022376
4158
752.6736893445288
357.93696803932426
4159
752.6736893445288
380.6594590976032
4160
750.6080083392308
405.4476311611803
4161
750.6080083392308
426.10444121416117
4162
750.6080083392308
450.8926132777383
4163
750.6080083392308
475.6807853413153
4164
750.6080083392308
498.40327639959435
4165
750.6080083392308
523.1914484631714
4166
754.7393703498269
545.9139395214504
4167
756.805051355125
576.8991546009217
4168
760.9364133657211
603.7530076697968
4169
758.8707323604231
632.6725417439701
4170
758.8707323604231
661.5920758181434
4171
756.805051355125
690.5116098923166
4172
750.6080083392308
725.6281869823842
4173
746.4766463286344
754.5477210565574
4174
738.2139223074421
789.664298146625
4175
734.0825602968459
820.6495132260964
4176
725.8198362756536
853.7004093108658
4177
719.6227932597594
892.9483484115294
4178
715.491431249163
925.9992444962988
4179
709.2943882332688
961.1158215863663
4180
703.0973452173746
1000.3637606870301
4181
696.9003022014804
1041.677380792992
0