4188
785.7245854292983
287.70381385918915
4189
783.6589044240002
316.6233479333624
4190
779.5275424134038
347.60856301283377
4191
775.3961804028077
378.5937780923051
4192
771.2648183922115
407.5133121664784
4193
767.1334563816154
440.5642082512478
4194
760.9364133657211
477.7464663466134
4195
758.8707323604231
510.7973624313829
4196
754.7393703498269
550.0453015320466
4197
750.6080083392308
585.161878622114
4198
748.5423273339327
620.2784557121817
4199
744.4109653233363
663.6577568234414
4200
742.3452843180382
707.0370579347014
4201
740.2796033127402
746.284997035365
4202
736.148241302144
791.7299791519231
4203
734.0825602968459
837.174961268481
4204
732.0168792915479
874.3572193638466
4205
732.0168792915479
923.9335634910008
4206
734.0825602968459
979.7069506340492
4207
744.4109653233363
1023.086251745309
4208
754.7393703498269
1068.5312338618671
0