4199
744.4109653233363
277.3754088326988
4200
736.148241302144
293.9008568750835
4201
734.0825602968459
316.6233479333624
4202
729.9511982862498
343.4772010022376
4203
725.8198362756536
364.1340110552185
4204
727.8855172809517
384.79082110819934
4205
727.8855172809517
407.5133121664784
4206
727.8855172809517
432.3014842300554
4207
727.8855172809517
452.95829428303637
4208
727.8855172809517
477.7464663466134
4209
729.9511982862498
496.3375953942963
4210
729.9511982862498
525.2571294684694
4211
729.9511982862498
550.0453015320466
4212
729.9511982862498
576.8991546009217
4213
727.8855172809517
601.6873266644988
4214
729.9511982862498
628.541179733374
4215
732.0168792915479
657.4607138075472
4216
734.0825602968459
680.1832048658262
4217
738.2139223074421
713.2341009505957
4218
742.3452843180382
738.0222730141727
4219
746.4766463286344
771.0731690989421
4220
748.5423273339327
797.9270221678173
4221
746.4766463286344
833.0435992578848
4222
744.4109653233363
859.89745232676
4223
738.2139223074421
895.0140294168275
4224
740.2796033127402
923.9335634910008
4225
740.2796033127402
956.9844595757702
4226
744.4109653233363
985.9039936499435
4227
746.4766463286344
1021.020570740011
4228
750.6080083392308
1049.9401048141842
0