4200
878.6802306677121
1056.1371478300784
4201
876.614549662414
1018.9548897347129
4202
878.6802306677121
985.9039936499435
4203
876.614549662414
950.787416559876
4204
874.5488686571159
917.7365204751065
4205
870.4175066465198
888.8169864009333
4206
866.2861446359236
859.89745232676
4207
860.0891016200294
826.8465562419906
4208
858.0234206147313
802.0583841784135
4209
851.8263775988371
773.1388501042402
4210
847.6950155882407
748.3506780406632
4211
843.5636535776446
719.4311439664899
4212
843.5636535776446
694.6429719029128
4213
845.6293345829426
669.8547998393358
4214
845.6293345829426
647.1323087810567
4215
849.760696593539
626.4754987280759
4216
858.0234206147313
597.5559646539026
4217
862.1547826253275
576.8991546009217
4218
868.3518256412217
558.308025553239
4219
872.4831876518178
535.5855344949599
4220
876.614549662414
514.928724441979
4221
882.8115926783084
498.40327639959435
4222
886.9429546889046
475.6807853413153
4223
889.0086356942027
457.0896562936325
4224
889.0086356942027
442.6298892565459
4225
889.0086356942027
419.90739819826695
4226
889.0086356942027
401.31626915058405
4227
889.0086356942027
384.79082110819934
4228
889.0086356942027
370.3310540711127
4229
889.0086356942027
351.7399250234299
4230
886.9429546889046
337.2801579863433
4231
886.9429546889046
318.6890289386605
4232
886.9429546889046
306.29494290687194
4233
884.8772736836065
285.6381328538911
4234
884.8772736836065
269.11268481150637
4235
886.9429546889046
256.7185987797178
0