4218
775.3961804028077
281.50677084329493
4219
773.3304993975096
300.0978998909777
4220
773.3304993975096
320.7547099439586
4221
771.2648183922115
339.34583899164136
4222
769.1991373869134
355.8712870340262
4223
767.1334563816154
378.5937780923051
4224
769.1991373869134
399.250588145286
4225
771.2648183922115
421.973079203565
4226
771.2648183922115
442.6298892565459
4227
771.2648183922115
465.3523803148249
4228
771.2648183922115
483.9435093625077
4229
773.3304993975096
512.863043436681
4230
775.3961804028077
537.651215500258
4231
777.4618614081057
562.4393875638351
4232
781.5932234187019
587.2275596274121
4233
781.5932234187019
612.0157316909892
4234
783.6589044240002
643.0009467704606
4235
783.6589044240002
669.8547998393358
4236
787.7902664345963
698.774333913509
4237
787.7902664345963
729.7595489929804
4238
791.9216284451925
762.8104450777498
4239
793.9873094504906
793.7956601572212
4240
800.1843524663848
828.9122372472887
4241
802.2500334716829
861.9631333320581
4242
808.4470764875771
903.2767534380199
4243
812.5784384981732
936.3276495227893
4244
818.7754815140677
979.7069506340492
4245
822.9068435246638
1016.8892087294148
4246
827.03820553526
1058.2028288353765
0