4219
1572.74904844787
533.5198534896618
4220
1539.6981523631005
527.3228104737676
4221
1506.647256278331
521.1257674578733
4222
1475.66204119886
516.9944054472771
4223
1444.6768261193886
512.863043436681
4224
1417.8229730505134
506.66600042078665
4225
1386.837757971042
502.5346384101905
4226
1357.9182238968688
494.2719143889981
4227
1333.1300518332916
488.07487137310386
4228
1304.2105177591184
475.6807853413153
4229
1279.4223456955415
467.418061320123
4230
1252.5684926266663
459.1553372989306
4231
1227.7803205630892
455.02397528833444
4232
1205.0578295048101
446.76125126714203
4233
1182.3353384465313
442.6298892565459
4234
1159.6128473882522
436.43284624065166
4235
1134.8246753246751
428.17012221945924
4236
1110.036503261098
426.10444121416117
4237
1085.248331197521
415.7760361876707
4238
1062.525840139242
405.4476311611803
4239
1046.0003920968572
395.1192261346898
4240
1035.6719870703669
384.79082110819934
4241
1029.4749440544726
372.3967350764109
4242
1023.2779010385784
357.93696803932426
4243
1017.0808580226842
349.67424401813184
4244
1010.8838150067897
337.2801579863433
4245
1004.6867719908955
324.88607195455484
4246
1000.5554099802994
312.4919859227663
4247
996.4240479697032
302.1635808962758
4248
992.2926859591071
293.9008568750835
4249
988.1613239485109
279.44108983799686
4250
986.0956429432129
271.17836581680444
2