4240
919.993850773674
1060.2685098406746
4241
934.4536178107605
1008.6264847082225
4242
944.7820228372509
946.6560545492798
4243
948.9133848478473
892.9483484115294
4244
955.1104278637415
841.3063232790772
4245
959.2417898743377
804.1240651837115
4246
959.2417898743377
760.7447640724517
4247
957.1761088690396
715.2997819558938
4248
950.9790658531454
676.05184285523
4249
942.7163418319528
636.8039037545664
4250
936.5192988160586
603.7530076697968
4251
932.3879368054625
568.6364305797293
4252
926.1908937895682
527.3228104737676
4253
926.1908937895682
498.40327639959435
4254
919.993850773674
465.3523803148249
4255
917.9281697683759
440.5642082512478
4256
911.7311267524815
409.57899317177646
4257
907.5997647418853
378.5937780923051
4258
907.5997647418853
355.8712870340262
4259
905.5340837365873
322.82039094925665
4260
903.4684027312892
300.0978998909777
4261
903.4684027312892
275.3097278274006
0