4260
713.425750243865
277.3754088326988
4261
709.2943882332688
293.9008568750835
4262
703.0973452173746
308.36062391217
4263
701.0316642120765
324.88607195455484
4264
692.7689401908842
345.5428820075357
4265
690.7032591855861
357.93696803932426
4266
684.5062161696919
376.52809708700704
4267
680.3748541590955
395.1192261346898
4268
676.2434921484994
411.64467417707453
4269
674.1778111432013
432.3014842300554
4270
670.0464491326052
457.0896562936325
4271
670.0464491326052
473.6151043360172
4272
672.1121301379033
496.3375953942963
4273
672.1121301379033
521.1257674578733
4274
672.1121301379033
541.7825775108543
4275
672.1121301379033
562.4393875638351
4276
676.2434921484994
587.2275596274121
4277
676.2434921484994
609.9500506856912
4278
678.3091731537975
630.606860738672
4279
678.3091731537975
659.5263948128453
4280
678.3091731537975
680.1832048658262
4281
680.3748541590955
711.1684199452975
4282
684.5062161696919
733.8909110035765
4283
688.6375781802881
762.8104450777498
4284
698.9659832067784
791.7299791519231
4285
705.1630262226727
818.5838322207983
4286
715.491431249163
849.5690473002696
4287
723.7541552703556
874.3572193638466
4288
732.0168792915479
907.4081154486161
4289
736.148241302144
934.2619685174911
4290
738.2139223074421
971.4442266128568
4291
740.2796033127402
1002.4294416923282
4292
736.148241302144
1039.6116997876939
0