4275
971.6358759061261
1049.9401048141842
4276
963.3731518849338
1012.7578467188187
4277
959.2417898743377
971.4442266128568
4278
950.9790658531454
938.3933305280874
4279
948.9133848478473
899.1453914274236
4280
944.7820228372509
866.0944953426542
4281
942.7163418319528
826.8465562419906
4282
940.6506608266548
797.9270221678173
4283
942.7163418319528
764.8761260830479
4284
940.6506608266548
738.0222730141727
4285
940.6506608266548
704.9713769294033
4286
944.7820228372509
673.9861618499319
4287
942.7163418319528
645.0666277757587
4288
946.8477038425492
622.3441367174797
4289
944.7820228372509
593.4246026433065
4290
944.7820228372509
568.6364305797293
4291
948.9133848478473
541.7825775108543
4292
948.9133848478473
514.928724441979
4293
948.9133848478473
496.3375953942963
4294
946.8477038425492
473.6151043360172
4295
946.8477038425492
448.8269322724402
4296
946.8477038425492
430.2358032247573
4297
944.7820228372509
409.57899317177646
4298
944.7820228372509
390.9878641240937
4299
948.9133848478473
378.5937780923051
4300
948.9133848478473
360.00264904462233
4301
948.9133848478473
341.41151999693955
4302
948.9133848478473
326.9517529598529
4303
950.9790658531454
312.4919859227663
4304
950.9790658531454
293.9008568750835
4305
946.8477038425492
281.50677084329493
4306
946.8477038425492
264.9813228009102
0