4285
808.4470764875771
275.3097278274006
4286
806.381395482279
285.6381328538911
4287
806.381395482279
298.03221888567964
4288
808.4470764875771
310.4263049174682
4289
808.4470764875771
318.6890289386605
4290
808.4470764875771
329.017433965151
4291
808.4470764875771
341.41151999693955
4292
808.4470764875771
349.67424401813184
4293
806.381395482279
362.0683300499204
4294
808.4470764875771
372.3967350764109
4295
808.4470764875771
382.72514010290126
4296
806.381395482279
393.05354512939175
4297
810.5127574928752
403.38195015588224
4298
810.5127574928752
409.57899317177646
4299
812.5784384981732
419.90739819826695
4300
814.6441195034715
426.10444121416117
4301
816.7098005087696
440.5642082512478
4302
816.7098005087696
448.8269322724402
4303
816.7098005087696
459.1553372989306
4304
818.7754815140677
469.4837423254211
4305
818.7754815140677
479.81214735191156
4306
822.9068435246638
488.07487137310386
4307
829.103886540558
500.4689574048924
4308
833.2352485511542
519.0600864525752
4309
841.4979725723465
533.5198534896618
4310
845.6293345829426
547.9796205267485
4311
851.8263775988371
572.7677925903256
4312
855.9577396094332
593.4246026433065
4313
860.0891016200294
618.2127747068835
4314
862.1547826253275
651.263670791653
4315
864.2204636306255
678.1175238605281
4316
870.4175066465198
717.3654629611918
4317
874.5488686571159
752.4820400512593
4318
880.7459116730104
793.7956601572212
4319
891.0743166995007
845.4376852896734
4320
897.271359715395
895.0140294168275
4321
905.5340837365873
940.4590115333855
4322
913.7968077577796
996.232398676434
4323
924.1252127842702
1047.8744238088861
0