1046
787.7902664345963
308.36062391217
1047
789.8559474398944
347.60856301283377
1048
787.7902664345963
380.6594590976032
1049
789.8559474398944
415.7760361876707
1050
791.9216284451925
455.02397528833444
1051
796.0529904557886
488.07487137310386
1052
804.3157144769809
535.5855344949599
1053
822.9068435246638
576.8991546009217
1054
837.3666105617503
616.1470937015854
1055
860.0891016200294
665.7234378287395
1056
878.6802306677121
717.3654629611918
1057
899.337040720693
764.8761260830479
1058
911.7311267524815
814.452470210202
1059
924.1252127842702
872.2915383585486
1060
930.3222558001644
928.0649255015969
1061
932.3879368054625
985.9039936499435
1062
930.3222558001644
1047.8744238088861
0