4311
884.8772736836065
279.44108983799686
4312
886.9429546889046
289.7694948644872
4313
891.0743166995007
300.0978998909777
4314
895.2056787100969
312.4919859227663
4315
901.4027217259911
320.7547099439586
4316
907.5997647418853
333.14879597574713
4317
911.7311267524815
345.5428820075357
4318
917.9281697683759
357.93696803932426
4319
924.1252127842702
368.26537306581463
4320
932.3879368054625
380.6594590976032
4321
944.7820228372509
390.9878641240937
4322
959.2417898743377
403.38195015588224
4323
973.7015569114242
413.7103551823726
4324
990.227004953809
421.973079203565
4325
1008.8181340014917
432.3014842300554
4326
1029.4749440544726
444.69557026184395
4327
1052.1974351127517
457.0896562936325
4328
1070.7885641604344
467.418061320123
4329
1093.5110552187134
475.6807853413153
4330
1116.2335462769925
488.07487137310386
4331
1141.0217183405694
500.4689574048924
4332
1172.0069334200407
508.7316814260847
4333
1198.860786488916
519.0600864525752
4334
1223.648958552493
529.3884914790657
4335
1250.5028116213682
537.651215500258
4336
1279.4223456955415
545.9139395214504
4337
1306.2761987644164
552.1109825373446
4338
1337.2614138438878
564.5050685691332
4339
1366.180947918061
572.7677925903256
4340
1399.2318440028305
583.096197616816
4341
1430.2170590823018
591.3589216380084
4342
1467.3993171776674
601.6873266644988
4343
1498.3845322571387
605.818688675095
4344
1535.5667903525043
609.9500506856912
4345
1576.8804104584663
614.0814126962873
1