4341
1568.617686437274
519.0600864525752
4342
1527.304066331312
519.0600864525752
4343
1488.0561272306484
512.863043436681
4344
1448.8081881299847
512.863043436681
4345
1413.6916110399172
508.7316814260847
4346
1378.5750339498497
504.60031941548857
4347
1343.4584568597822
496.3375953942963
4348
1308.3418797697145
490.14055237840194
4349
1273.225302679647
483.9435093625077
4350
1238.1087255895795
475.6807853413153
4351
1207.1235105101082
471.54942333071915
4352
1178.203976435935
463.28669930952674
4353
1151.35012336706
455.02397528833444
4354
1128.627632308781
446.76125126714203
4355
1103.8394602452038
438.49852724594973
4356
1083.182650192223
432.3014842300554
4357
1062.525840139242
421.973079203565
4358
1041.869030086261
411.64467417707453
4359
1027.4092630491746
403.38195015588224
4360
1008.8181340014917
393.05354512939175
4361
992.2926859591071
386.8565021134975
4362
977.8329189220203
374.46241608170897
4363
963.3731518849338
366.19969206051655
4364
948.9133848478473
353.805606028728
4365
938.5849798213567
341.41151999693955
4366
930.3222558001644
326.9517529598529
4367
926.1908937895682
312.4919859227663
4368
922.0595317789721
298.03221888567964
4369
917.9281697683759
283.572451848593
4370
917.9281697683759
271.17836581680444
2