4347
1560.3549624160817
535.5855344949599
4348
1523.1727043207159
533.5198534896618
4349
1481.8590842147541
527.3228104737676
4350
1440.5454641087922
519.0600864525752
4351
1399.2318440028305
514.928724441979
4352
1366.180947918061
506.66600042078665
4353
1326.9330088173974
498.40327639959435
4354
1293.882112732628
492.2062333837
4355
1264.9625786584547
479.81214735191156
4356
1227.7803205630892
473.6151043360172
4357
1196.7951054836178
465.3523803148249
4358
1167.8755714094445
452.95829428303637
4359
1138.9560373352713
446.76125126714203
4360
1112.102184266396
438.49852724594973
4361
1087.3140122028192
426.10444121416117
4362
1064.5915211445401
417.8417171929689
4363
1037.737668075665
405.4476311611803
4364
1019.1465390279823
397.1849071399879
4365
998.4897289750013
386.8565021134975
4366
979.8985999273184
376.52809708700704
4367
961.3074708796357
360.00264904462233
4368
946.8477038425492
349.67424401813184
4369
930.3222558001644
337.2801579863433
4370
919.993850773674
322.82039094925665
4371
911.7311267524815
308.36062391217
4372
907.5997647418853
295.96653788038157
4373
901.4027217259911
281.50677084329493
4374
899.337040720693
264.9813228009102
2