4362
763.0020943710192
287.70381385918915
4363
765.0677753763173
304.22926190157386
4364
767.1334563816154
324.88607195455484
4365
767.1334563816154
341.41151999693955
4366
775.3961804028077
362.0683300499204
4367
775.3961804028077
382.72514010290126
4368
771.2648183922115
403.38195015588224
4369
771.2648183922115
424.0387602088631
4370
767.1334563816154
448.8269322724402
4371
760.9364133657211
473.6151043360172
4372
754.7393703498269
494.2719143889981
4373
738.2139223074421
519.0600864525752
4374
727.8855172809517
541.7825775108543
4375
709.2943882332688
564.5050685691332
4376
692.7689401908842
591.3589216380084
4377
670.0464491326052
616.1470937015854
4378
649.3896390796242
643.0009467704606
4379
630.7985100319415
669.8547998393358
4380
603.9446569630663
694.6429719029128
4381
581.2221659047873
715.2997819558938
4382
562.6310368571046
729.7595489929804
4383
541.9742268041236
742.1536350247688
4384
523.3830977564407
752.4820400512593
4385
510.98901172465236
758.6790830671537
4386
498.5949256928638
769.007488093644
4387
486.20083966107524
773.1388501042402
4388
480.003796645181
781.4015741254326
4389
475.87243463458475
781.4015741254326
4390
469.6753916186905
785.5329361360288
4391
467.60971061339245
787.5986171413269
4392
467.60971061339245
787.5986171413269
4393
467.60971061339245
787.5986171413269
4394
467.60971061339245
787.5986171413269
4395
467.60971061339245
787.5986171413269
4396
467.60971061339245
787.5986171413269
4397
467.60971061339245
787.5986171413269
4398
467.60971061339245
787.5986171413269
4399
467.60971061339245
787.5986171413269
4400
467.60971061339245
787.5986171413269
4401
467.60971061339245
787.5986171413269
4402
459.34698659220015
787.5986171413269
4403
451.08426257100774
793.7956601572212
4404
438.6901765392192
793.7956601572212
4405
430.4274525180269
795.8613411625192
4406
411.8363234703441
799.9927031731154
4407
397.37655643325746
802.0583841784135
4408
380.85110839087275
804.1240651837115
4409
362.25997934318997
802.0583841784135
4410
345.73453130080526
802.0583841784135
4411
320.94635923722814
802.0583841784135
4412
298.2238681789492
804.1240651837115
4413
277.56705812596823
802.0583841784135
4414
252.77888606239122
804.1240651837115
4415
225.92503299351603
806.1897461890096
4416
201.13686092993902
806.1897461890096
4417
170.15164585046767
806.1897461890096
4418
139.16643077099633
812.386789204904
4419
108.18121569152498
814.452470210202
4420
73.06463860145749
816.5181512155001
2