4401
736.148241302144
273.2440468221025
4402
738.2139223074421
285.6381328538911
4403
736.148241302144
298.03221888567964
4404
738.2139223074421
312.4919859227663
4405
738.2139223074421
329.017433965151
4406
738.2139223074421
341.41151999693955
4407
738.2139223074421
351.7399250234299
4408
738.2139223074421
368.26537306581463
4409
736.148241302144
380.6594590976032
4410
738.2139223074421
393.05354512939175
4411
738.2139223074421
407.5133121664784
4412
736.148241302144
417.8417171929689
4413
736.148241302144
430.2358032247573
4414
734.0825602968459
444.69557026184395
4415
734.0825602968459
452.95829428303637
4416
734.0825602968459
465.3523803148249
4417
734.0825602968459
477.7464663466134
4418
732.0168792915479
486.0091903678058
4419
732.0168792915479
498.40327639959435
4420
732.0168792915479
510.7973624313829
4421
729.9511982862498
521.1257674578733
4422
727.8855172809517
531.4541724843638
4423
723.7541552703556
539.7168965055561
4424
721.6884742650575
554.1766635426427
4425
717.5571122544613
564.5050685691332
4426
715.491431249163
574.8334735956237
4427
711.3600692385669
585.161878622114
4428
711.3600692385669
595.4902836486045
4429
709.2943882332688
605.818688675095
4430
707.2287072279707
616.1470937015854
4431
709.2943882332688
628.541179733374
4432
707.2287072279707
636.8039037545664
4433
707.2287072279707
651.263670791653
4434
707.2287072279707
661.5920758181434
4435
707.2287072279707
667.7891188340377
4436
707.2287072279707
684.3145668764224
4437
709.2943882332688
696.7086529082109
4438
711.3600692385669
715.2997819558938
4439
711.3600692385669
729.7595489929804
4440
717.5571122544613
746.284997035365
4441
723.7541552703556
766.941807088346
4442
732.0168792915479
787.5986171413269
4443
738.2139223074421
806.1897461890096
4444
748.5423273339327
826.8465562419906
4445
754.7393703498269
847.5033662949714
4446
760.9364133657211
864.0288143373562
4447
765.0677753763173
886.7513053956352
4448
771.2648183922115
907.4081154486161
4449
777.4618614081057
930.130606506895
4450
785.7245854292983
959.0501405810683
4451
793.9873094504906
983.8383126446454
4452
802.2500334716829
1012.7578467188187
4453
818.7754815140677
1043.74306179829
4454
829.103886540558
1072.6625958724633
0