4402
806.381395482279
277.3754088326988
4403
806.381395482279
291.8351758697853
4404
806.381395482279
306.29494290687194
4405
804.3157144769809
320.7547099439586
4406
804.3157144769809
335.2144769810452
4407
802.2500334716829
347.60856301283377
4408
804.3157144769809
364.1340110552185
4409
802.2500334716829
374.46241608170897
4410
804.3157144769809
390.9878641240937
4411
802.2500334716829
405.4476311611803
4412
802.2500334716829
417.8417171929689
4413
798.1186714610867
430.2358032247573
4414
798.1186714610867
446.76125126714203
4415
796.0529904557886
459.1553372989306
4416
793.9873094504906
473.6151043360172
4417
791.9216284451925
481.87782835720964
4418
789.8559474398944
494.2719143889981
4419
789.8559474398944
504.60031941548857
4420
785.7245854292983
514.928724441979
4421
785.7245854292983
523.1914484631714
4422
785.7245854292983
533.5198534896618
4423
789.8559474398944
539.7168965055561
4424
793.9873094504906
547.9796205267485
4425
793.9873094504906
554.1766635426427
4426
796.0529904557886
562.4393875638351
4427
796.0529904557886
570.7021115850274
4428
796.0529904557886
572.7677925903256
4429
798.1186714610867
576.8991546009217
4430
800.1843524663848
583.096197616816
4431
802.2500334716829
591.3589216380084
4432
802.2500334716829
595.4902836486045
4433
806.381395482279
601.6873266644988
4434
806.381395482279
603.7530076697968
4435
806.381395482279
609.9500506856912
4436
802.2500334716829
614.0814126962873
4437
800.1843524663848
618.2127747068835
4438
798.1186714610867
622.3441367174797
4439
796.0529904557886
628.541179733374
4440
791.9216284451925
630.606860738672
4441
787.7902664345963
634.7382227492682
4442
787.7902664345963
636.8039037545664
4443
785.7245854292983
645.0666277757587
4444
783.6589044240002
647.1323087810567
4445
783.6589044240002
651.263670791653
4446
787.7902664345963
657.4607138075472
4447
791.9216284451925
661.5920758181434
4448
796.0529904557886
665.7234378287395
4449
800.1843524663848
676.05184285523
4450
802.2500334716829
684.3145668764224
4451
800.1843524663848
694.6429719029128
4452
800.1843524663848
707.0370579347014
4453
800.1843524663848
721.496824971788
4454
800.1843524663848
731.8252299982785
4455
802.2500334716829
746.284997035365
4456
802.2500334716829
762.8104450777498
4457
804.3157144769809
785.5329361360288
4458
804.3157144769809
804.1240651837115
4459
806.381395482279
828.9122372472887
4460
806.381395482279
851.6347283055677
4461
808.4470764875771
874.3572193638466
4462
810.5127574928752
903.2767534380199
4463
814.6441195034715
928.0649255015969
4464
820.8411625193658
959.0501405810683
4465
824.9725245299619
983.8383126446454
4466
833.2352485511542
1018.9548897347129
4467
841.4979725723465
1054.0714668247804
0