4407
1562.4206434213795
521.1257674578733
4408
1523.1727043207159
519.0600864525752
4409
1485.9904462253503
514.928724441979
4410
1452.9395501405809
512.863043436681
4411
1421.9543350611095
506.66600042078665
4412
1388.90343897634
500.4689574048924
4413
1355.8525428915707
494.2719143889981
4414
1324.8673278120993
486.0091903678058
4415
1295.947793737926
479.81214735191156
4416
1262.8968976531567
471.54942333071915
4417
1236.0430445842815
465.3523803148249
4418
1211.2548725207046
457.0896562936325
4419
1188.5323814624255
448.8269322724402
4420
1163.7442093988484
444.69557026184395
4421
1141.0217183405694
436.43284624065166
4422
1118.2992272822905
434.3671652353536
4423
1097.6424172293096
430.2358032247573
4424
1076.9856071763286
424.0387602088631
4425
1056.3287971233478
415.7760361876707
4426
1039.803349080963
409.57899317177646
4427
1021.2122200332803
399.250588145286
4428
1006.7524529961936
386.8565021134975
4429
994.3583669644051
378.5937780923051
4430
979.8985999273184
366.19969206051655
4431
969.570194900828
353.805606028728
4432
959.2417898743377
339.34583899164136
4433
950.9790658531454
324.88607195455484
4434
944.7820228372509
310.4263049174682
4435
938.5849798213567
298.03221888567964
4436
930.3222558001644
281.50677084329493
4437
928.2565747948663
267.0470038062083
2