4438
773.3304993975096
281.50677084329493
4439
773.3304993975096
293.9008568750835
4440
769.1991373869134
306.29494290687194
4441
767.1334563816154
320.7547099439586
4442
765.0677753763173
335.2144769810452
4443
763.0020943710192
349.67424401813184
4444
763.0020943710192
364.1340110552185
4445
760.9364133657211
378.5937780923051
4446
760.9364133657211
393.05354512939175
4447
763.0020943710192
407.5133121664784
4448
765.0677753763173
421.973079203565
4449
765.0677753763173
436.43284624065166
4450
769.1991373869134
450.8926132777383
4451
767.1334563816154
465.3523803148249
4452
767.1334563816154
475.6807853413153
4453
767.1334563816154
490.14055237840194
4454
765.0677753763173
500.4689574048924
4455
765.0677753763173
519.0600864525752
4456
765.0677753763173
533.5198534896618
4457
765.0677753763173
543.8482585161523
4458
763.0020943710192
560.373706558537
4459
760.9364133657211
574.8334735956237
4460
760.9364133657211
591.3589216380084
4461
763.0020943710192
605.818688675095
4462
765.0677753763173
622.3441367174797
4463
767.1334563816154
643.0009467704606
4464
771.2648183922115
661.5920758181434
4465
777.4618614081057
676.05184285523
4466
785.7245854292983
692.5772908976147
4467
793.9873094504906
713.2341009505957
4468
800.1843524663848
729.7595489929804
4469
808.4470764875771
744.2193160300669
4470
814.6441195034715
766.941807088346
4471
820.8411625193658
787.5986171413269
4472
827.03820553526
810.3211081996059
4473
833.2352485511542
835.1092802631829
4474
835.3009295564523
855.7660903161639
4475
841.4979725723465
882.619943385039
4476
843.5636535776446
909.4737964539141
4477
843.5636535776446
936.3276495227893
4478
839.4322915670484
967.3128646022607
4479
837.3666105617503
992.1010366658377
4480
831.1695675458561
1023.086251745309
4481
824.9725245299619
1054.0714668247804
0