4493
122.64098272861162
826.8465562419906
4494
163.95460283457345
820.6495132260964
4495
203.2025419352371
820.6495132260964
4496
244.5161620411988
814.452470210202
4497
281.6984201365645
806.1897461890096
4498
320.94635923722814
799.9927031731154
4499
360.1942983378919
793.7956601572212
4500
393.2451944226613
785.5329361360288
4501
428.3617715127288
775.2045311095383
4502
457.28130558690196
762.8104450777498
4503
486.20083966107524
754.5477210565574
4504
515.1203737352484
744.2193160300669
4505
541.9742268041236
731.8252299982785
4506
570.8937608782969
719.4311439664899
4507
595.681932941874
713.2341009505957
4508
618.4044240001531
700.8400149188071
4509
639.0612340531338
692.5772908976147
4510
663.849406116711
678.1175238605281
4511
684.5062161696919
663.6577568234414
4512
707.2287072279707
651.263670791653
4513
725.8198362756536
636.8039037545664
4514
742.3452843180382
622.3441367174797
4515
763.0020943710192
605.818688675095
4516
783.6589044240002
591.3589216380084
4517
806.381395482279
574.8334735956237
4518
824.9725245299619
564.5050685691332
4519
845.6293345829426
550.0453015320466
4520
866.2861446359236
531.4541724843638
4521
882.8115926783084
512.863043436681
4522
895.2056787100969
496.3375953942963
4523
903.4684027312892
479.81214735191156
4524
911.7311267524815
459.1553372989306
4525
919.993850773674
442.6298892565459
4526
922.0595317789721
421.973079203565
4527
926.1908937895682
401.31626915058405
4528
928.2565747948663
380.6594590976032
4529
930.3222558001644
364.1340110552185
4530
930.3222558001644
341.41151999693955
4531
932.3879368054625
322.82039094925665
4532
934.4536178107605
306.29494290687194
4533
934.4536178107605
289.7694948644872
4534
932.3879368054625
267.0470038062083
4535
930.3222558001644
254.65291777441973
1