4496
816.7098005087696
279.44108983799686
4497
816.7098005087696
293.9008568750835
4498
814.6441195034715
308.36062391217
4499
814.6441195034715
329.017433965151
4500
812.5784384981732
345.5428820075357
4501
806.381395482279
362.0683300499204
4502
802.2500334716829
378.5937780923051
4503
800.1843524663848
397.1849071399879
4504
798.1186714610867
413.7103551823726
4505
802.2500334716829
430.2358032247573
4506
802.2500334716829
446.76125126714203
4507
806.381395482279
465.3523803148249
4508
812.5784384981732
481.87782835720964
4509
820.8411625193658
502.5346384101905
4510
829.103886540558
523.1914484631714
4511
835.3009295564523
541.7825775108543
4512
843.5636535776446
560.373706558537
4513
851.8263775988371
585.161878622114
4514
855.9577396094332
605.818688675095
4515
860.0891016200294
636.8039037545664
4516
860.0891016200294
663.6577568234414
4517
862.1547826253275
686.3802478817205
4518
860.0891016200294
717.3654629611918
4519
860.0891016200294
746.284997035365
4520
855.9577396094332
779.3358931201345
4521
853.8920586041352
808.2554271943077
4522
849.760696593539
843.3720042843753
4523
847.6950155882407
872.2915383585486
4524
843.5636535776446
909.4737964539141
4525
841.4979725723465
942.5246925386837
4526
839.4322915670484
977.6412696287512
4527
841.4979725723465
1016.8892087294148
4528
837.3666105617503
1052.0057858194823
0