1050
763.0020943710192
306.29494290687194
1051
763.0020943710192
337.2801579863433
1052
763.0020943710192
364.1340110552185
1053
763.0020943710192
399.250588145286
1054
767.1334563816154
428.17012221945924
1055
773.3304993975096
465.3523803148249
1056
779.5275424134038
496.3375953942963
1057
793.9873094504906
535.5855344949599
1058
802.2500334716829
570.7021115850274
1059
818.7754815140677
605.818688675095
1060
835.3009295564523
651.263670791653
1061
849.760696593539
688.4459288870186
1062
866.2861446359236
731.8252299982785
1063
882.8115926783084
785.5329361360288
1064
897.271359715395
835.1092802631829
1065
911.7311267524815
884.6856243903371
1066
922.0595317789721
940.4590115333855
1067
932.3879368054625
1000.3637606870301
1068
944.7820228372509
1062.334190845973
0