4514
1566.5520054319757
525.2571294684694
4515
1529.36974733661
521.1257674578733
4516
1490.1218082359464
516.9944054472771
4517
1452.9395501405809
510.7973624313829
4518
1417.8229730505134
502.5346384101905
4519
1380.6407149551478
490.14055237840194
4520
1351.7211808809745
479.81214735191156
4521
1318.6702847962051
473.6151043360172
4522
1291.81643172733
465.3523803148249
4523
1264.9625786584547
459.1553372989306
4524
1238.1087255895795
455.02397528833444
4525
1213.3205535260026
446.76125126714203
4526
1192.6637434730217
440.5642082512478
4527
1169.9412524147426
438.49852724594973
4528
1149.2844423617619
434.3671652353536
4529
1122.4305892928867
432.3014842300554
4530
1103.8394602452038
430.2358032247573
4531
1081.116969186925
419.90739819826695
4532
1052.1974351127517
411.64467417707453
4533
1033.6063060650688
405.4476311611803
4534
1010.8838150067897
393.05354512939175
4535
994.3583669644051
380.6594590976032
4536
979.8985999273184
366.19969206051655
4537
967.50451389553
355.8712870340262
4538
957.1761088690396
339.34583899164136
4539
953.0447468584434
324.88607195455484
4540
946.8477038425492
314.55766692806435
4541
944.7820228372509
295.96653788038157
4542
942.7163418319528
281.50677084329493
4543
938.5849798213567
267.0470038062083
2