4557
713.425750243865
281.50677084329493
4558
709.2943882332688
293.9008568750835
4559
707.2287072279707
308.36062391217
4560
703.0973452173746
324.88607195455484
4561
703.0973452173746
343.4772010022376
4562
698.9659832067784
360.00264904462233
4563
696.9003022014804
372.3967350764109
4564
694.8346211961823
388.9221831187956
4565
690.7032591855861
407.5133121664784
4566
690.7032591855861
424.0387602088631
4567
686.57189717499
440.5642082512478
4568
684.5062161696919
459.1553372989306
4569
684.5062161696919
475.6807853413153
4570
688.6375781802881
492.2062333837
4571
690.7032591855861
508.7316814260847
4572
690.7032591855861
531.4541724843638
4573
692.7689401908842
547.9796205267485
4574
692.7689401908842
564.5050685691332
4575
690.7032591855861
581.0305166115179
4576
684.5062161696919
599.6216456592007
4577
680.3748541590955
618.2127747068835
4578
674.1778111432013
634.7382227492682
4579
672.1121301379033
657.4607138075472
4580
670.0464491326052
671.9204808446339
4581
672.1121301379033
694.6429719029128
4582
674.1778111432013
715.2997819558938
4583
678.3091731537975
731.8252299982785
4584
678.3091731537975
748.3506780406632
4585
676.2434921484994
766.941807088346
4586
670.0464491326052
785.5329361360288
4587
661.7837251114129
802.0583841784135
4588
653.5210010902206
818.5838322207983
4589
643.19259606373
835.1092802631829
4590
626.6671480213454
853.7004093108658
4591
610.1416999789606
866.0944953426542
4592
593.616251936576
882.619943385039
4593
568.8280798729988
895.0140294168275
4594
546.1055888147198
903.2767534380199
4595
519.2517357458446
911.5394774592123
4596
498.5949256928638
917.7365204751065
4597
471.7410726239886
917.7365204751065
4598
451.08426257100774
921.8678824857027
4599
426.29609050743073
919.8022014804046
4600
401.5079184438536
919.8022014804046
4601
378.7854273855747
919.8022014804046
4602
353.99725532199756
911.5394774592123
4603
333.3404452690167
905.342434443318
4604
308.5522732054396
901.2110724327217
4605
287.8954631524587
895.0140294168275
4606
263.1072910888817
888.8169864009333
4607
238.3191190253046
884.6856243903371
4608
213.53094696172758
876.4229003691447
4609
188.74277489815046
872.2915383585486
4610
161.88892182927538
866.0944953426542
4611
135.03506876040018
859.89745232676
4612
108.18121569152498
851.6347283055677
2