4560
810.5127574928752
279.44108983799686
4561
810.5127574928752
306.29494290687194
4562
812.5784384981732
335.2144769810452
4563
810.5127574928752
360.00264904462233
4564
810.5127574928752
384.79082110819934
4565
808.4470764875771
413.7103551823726
4566
808.4470764875771
446.76125126714203
4567
806.381395482279
475.6807853413153
4568
806.381395482279
504.60031941548857
4569
806.381395482279
537.651215500258
4570
808.4470764875771
572.7677925903256
4571
806.381395482279
605.818688675095
4572
808.4470764875771
645.0666277757587
4573
808.4470764875771
682.2488858711243
4574
812.5784384981732
723.5625059770861
4575
812.5784384981732
760.7447640724517
4576
816.7098005087696
797.9270221678173
4577
818.7754815140677
843.3720042843753
4578
820.8411625193658
884.6856243903371
4579
818.7754815140677
928.0649255015969
4580
814.6441195034715
977.6412696287512
4581
810.5127574928752
1023.086251745309
4582
804.3157144769809
1066.465552856569
0