4629
1554.1579194001872
597.5559646539026
4630
1481.8590842147541
605.818688675095
4631
1411.6259300346192
622.3441367174797
4632
1333.1300518332916
634.7382227492682
4633
1246.371449610772
649.1979897863548
4634
1163.7442093988484
663.6577568234414
4635
1087.3140122028192
680.1832048658262
4636
1000.5554099802994
694.6429719029128
4637
905.5340837365873
711.1684199452975
4638
816.7098005087696
723.5625059770861
4639
736.148241302144
731.8252299982785
4640
647.3239580743261
750.4163590459613
4641
558.4996748465085
758.6790830671537
4642
455.2156245816039
773.1388501042402
4643
362.25997934318997
783.4672551307307
4644
265.1729720941798
793.7956601572212
4645
174.28300786106382
797.9270221678173
4646
91.65576764914027
804.1240651837115
0