4656
785.7245854292983
293.9008568750835
4657
781.5932234187019
322.82039094925665
4658
779.5275424134038
351.7399250234299
4659
777.4618614081057
386.8565021134975
4660
777.4618614081057
417.8417171929689
4661
775.3961804028077
457.0896562936325
4662
775.3961804028077
486.0091903678058
4663
777.4618614081057
529.3884914790657
4664
781.5932234187019
566.5707495744313
4665
785.7245854292983
609.9500506856912
4666
791.9216284451925
659.5263948128453
4667
796.0529904557886
702.9056959241052
4668
804.3157144769809
752.4820400512593
4669
812.5784384981732
802.0583841784135
4670
822.9068435246638
853.7004093108658
4671
833.2352485511542
917.7365204751065
4672
847.6950155882407
975.5755886234531
4673
864.2204636306255
1039.6116997876939
0