4670
806.381395482279
281.50677084329493
4671
808.4470764875771
302.1635808962758
4672
806.381395482279
326.9517529598529
4673
804.3157144769809
345.5428820075357
4674
802.2500334716829
368.26537306581463
4675
800.1843524663848
395.1192261346898
4676
798.1186714610867
417.8417171929689
4677
796.0529904557886
440.5642082512478
4678
796.0529904557886
467.418061320123
4679
798.1186714610867
494.2719143889981
4680
798.1186714610867
527.3228104737676
4681
798.1186714610867
552.1109825373446
4682
800.1843524663848
585.161878622114
4683
806.381395482279
609.9500506856912
4684
812.5784384981732
649.1979897863548
4685
820.8411625193658
676.05184285523
4686
833.2352485511542
715.2997819558938
4687
843.5636535776446
746.284997035365
4688
858.0234206147313
781.4015741254326
4689
872.4831876518178
812.386789204904
4690
889.0086356942027
855.7660903161639
4691
905.5340837365873
892.9483484115294
4692
917.9281697683759
928.0649255015969
4693
928.2565747948663
977.6412696287512
4694
942.7163418319528
1016.8892087294148
4695
955.1104278637415
1060.2685098406746
0