4673
754.7393703498269
277.3754088326988
4674
754.7393703498269
293.9008568750835
4675
756.805051355125
314.55766692806435
4676
758.8707323604231
333.14879597574713
4677
760.9364133657211
353.805606028728
4678
763.0020943710192
374.46241608170897
4679
763.0020943710192
401.31626915058405
4680
763.0020943710192
419.90739819826695
4681
767.1334563816154
446.76125126714203
4682
771.2648183922115
473.6151043360172
4683
777.4618614081057
494.2719143889981
4684
783.6589044240002
525.2571294684694
4685
787.7902664345963
550.0453015320466
4686
796.0529904557886
581.0305166115179
4687
800.1843524663848
607.8843696803931
4688
806.381395482279
643.0009467704606
4689
808.4470764875771
671.9204808446339
4690
814.6441195034715
711.1684199452975
4691
818.7754815140677
742.1536350247688
4692
820.8411625193658
787.5986171413269
4693
818.7754815140677
818.5838322207983
4694
822.9068435246638
861.9631333320581
4695
827.03820553526
905.342434443318
4696
833.2352485511542
950.787416559876
4697
841.4979725723465
992.1010366658377
4698
853.8920586041352
1041.677380792992
0