4714
139.16643077099633
857.8317713214619
4715
170.15164585046767
861.9631333320581
4716
203.2025419352371
859.89745232676
4717
236.2534380200065
861.9631333320581
4718
267.23865309947786
859.89745232676
4719
304.4209111948434
859.89745232676
4720
339.5374882849109
855.7660903161639
4721
372.58838436968034
853.7004093108658
4722
405.63928045444976
855.7660903161639
4723
436.6244955339211
855.7660903161639
4724
465.5440296080944
857.8317713214619
4725
490.3322016716714
859.89745232676
4726
519.2517357458446
859.89745232676
4727
544.0399078094217
866.0944953426542
4728
568.8280798729988
874.3572193638466
4729
589.4848899259798
880.554262379741
4730
612.2073809842586
884.6856243903371
4731
632.8641910372396
895.0140294168275
4732
651.4553200849225
905.342434443318
4733
665.915087122009
917.7365204751065
4734
682.4405351643939
930.130606506895
4735
696.9003022014804
942.5246925386837
4736
715.491431249163
954.9187785704721
4737
727.8855172809517
969.3785456075587
4738
746.4766463286344
985.9039936499435
4739
756.805051355125
1008.6264847082225
4740
767.1334563816154
1033.4146567717994
4741
777.4618614081057
1056.1371478300784
2