4729
911.7311267524815
1045.808742803588
4730
917.9281697683759
1014.8235277241167
4731
924.1252127842702
981.7726316393473
4732
930.3222558001644
948.7217355545779
4733
938.5849798213567
923.9335634910008
4734
942.7163418319528
895.0140294168275
4735
948.9133848478473
872.2915383585486
4736
959.2417898743377
845.4376852896734
4737
963.3731518849338
822.7151942313944
4738
971.6358759061261
802.0583841784135
4739
977.8329189220203
781.4015741254326
4740
988.1613239485109
764.8761260830479
4741
996.4240479697032
750.4163590459613
4742
1006.7524529961936
729.7595489929804
4743
1019.1465390279823
717.3654629611918
4744
1023.2779010385784
700.8400149188071
4745
1031.5406250597707
686.3802478817205
4746
1043.9347110915592
673.9861618499319
4747
1058.394478128646
659.5263948128453
4748
1072.8542451657324
645.0666277757587
4749
1087.3140122028192
634.7382227492682
4750
1110.036503261098
622.3441367174797
4751
1134.8246753246751
609.9500506856912
4752
1159.6128473882522
601.6873266644988
4753
1186.4667004571274
593.4246026433065
4754
1215.3862345313007
585.161878622114
4755
1250.5028116213682
581.0305166115179
4756
1279.4223456955415
578.9648356062198
4757
1308.3418797697145
572.7677925903256
4758
1339.3270948491859
568.6364305797293
4759
1370.3123099286572
568.6364305797293
4760
1407.4945680240228
564.5050685691332
4761
1440.5454641087922
562.4393875638351
4762
1475.66204119886
558.308025553239
4763
1508.7129372836291
556.2423445479408
4764
1550.026557389591
552.1109825373446
4765
1585.1431344796586
550.0453015320466
2