4736
903.4684027312892
1041.677380792992
4737
909.6654457471834
1008.6264847082225
4738
915.8624887630779
973.509907618155
4739
917.9281697683759
942.5246925386837
4740
922.0595317789721
905.342434443318
4741
926.1908937895682
876.4229003691447
4742
930.3222558001644
839.240642273779
4743
932.3879368054625
812.386789204904
4744
934.4536178107605
781.4015741254326
4745
934.4536178107605
754.5477210565574
4746
936.5192988160586
721.496824971788
4747
938.5849798213567
694.6429719029128
4748
942.7163418319528
667.7891188340377
4749
944.7820228372509
636.8039037545664
4750
946.8477038425492
614.0814126962873
4751
946.8477038425492
589.2932406327103
4752
946.8477038425492
566.5707495744313
4753
946.8477038425492
541.7825775108543
4754
948.9133848478473
516.9944054472771
4755
950.9790658531454
500.4689574048924
4756
953.0447468584434
477.7464663466134
4757
953.0447468584434
455.02397528833444
4758
957.1761088690396
436.43284624065166
4759
957.1761088690396
415.7760361876707
4760
959.2417898743377
397.1849071399879
4761
959.2417898743377
378.5937780923051
4762
961.3074708796357
362.0683300499204
4763
965.4388328902319
339.34583899164136
4764
963.3731518849338
322.82039094925665
4765
959.2417898743377
308.36062391217
4766
959.2417898743377
287.70381385918915
4767
959.2417898743377
273.2440468221025
0