1131
800.1843524663848
318.6890289386605
1132
800.1843524663848
339.34583899164136
1133
796.0529904557886
357.93696803932426
1134
793.9873094504906
380.6594590976032
1135
793.9873094504906
401.31626915058405
1136
791.9216284451925
424.0387602088631
1137
793.9873094504906
442.6298892565459
1138
796.0529904557886
469.4837423254211
1139
802.2500334716829
486.0091903678058
1140
814.6441195034715
508.7316814260847
1141
831.1695675458561
527.3228104737676
1142
851.8263775988371
545.9139395214504
1143
876.614549662414
564.5050685691332
1144
909.6654457471834
578.9648356062198
1145
944.7820228372509
591.3589216380084
1146
977.8329189220203
601.6873266644988
1147
1017.0808580226842
612.0157316909892
1148
1060.460159133944
620.2784557121817
1149
1107.9708222558
624.4098177227778
1150
1153.415804372358
628.541179733374
1151
1202.992148499512
630.606860738672
1152
1250.5028116213682
626.4754987280759
1153
1302.1448367538203
626.4754987280759
1154
1353.7868618862726
624.4098177227778
1155
1405.4288870187247
622.3441367174797
1156
1457.070912151177
620.2784557121817
1157
1508.7129372836291
618.2127747068835
1158
1562.4206434213795
609.9500506856912
1