4769
899.337040720693
283.572451848593
4770
899.337040720693
308.36062391217
4771
901.4027217259911
335.2144769810452
4772
903.4684027312892
360.00264904462233
4773
903.4684027312892
388.9221831187956
4774
903.4684027312892
413.7103551823726
4775
905.5340837365873
444.69557026184395
4776
905.5340837365873
471.54942333071915
4777
903.4684027312892
504.60031941548857
4778
899.337040720693
535.5855344949599
4779
893.1399977047988
570.7021115850274
4780
886.9429546889046
601.6873266644988
4781
876.614549662414
640.9352657651625
4782
872.4831876518178
676.05184285523
4783
864.2204636306255
719.4311439664899
4784
858.0234206147313
756.6134020618556
4785
853.8920586041352
795.8613411625192
4786
851.8263775988371
843.3720042843753
4787
849.760696593539
882.619943385039
4788
847.6950155882407
930.130606506895
4789
843.5636535776446
983.8383126446454
4790
839.4322915670484
1031.3489757665016
0