4783
922.0595317789721
1058.2028288353765
4784
938.5849798213567
1004.4951226976262
4785
953.0447468584434
950.787416559876
4786
965.4388328902319
903.2767534380199
4787
971.6358759061261
857.8317713214619
4788
977.8329189220203
812.386789204904
4789
984.0299619379148
764.8761260830479
4790
990.227004953809
721.496824971788
4791
990.227004953809
684.3145668764224
4792
990.227004953809
640.9352657651625
4793
990.227004953809
605.818688675095
4794
992.2926859591071
568.6364305797293
4795
994.3583669644051
533.5198534896618
4796
996.4240479697032
502.5346384101905
4797
1000.5554099802994
467.418061320123
4798
1000.5554099802994
440.5642082512478
4799
1000.5554099802994
409.57899317177646
4800
996.4240479697032
380.6594590976032
4801
992.2926859591071
355.8712870340262
4802
988.1613239485109
329.017433965151
4803
981.9642809326167
308.36062391217
4804
975.7672379167223
281.50677084329493
0