4790
729.9511982862498
281.50677084329493
4791
723.7541552703556
298.03221888567964
4792
717.5571122544613
316.6233479333624
4793
711.3600692385669
331.08311497044906
4794
705.1630262226727
349.67424401813184
4795
701.0316642120765
362.0683300499204
4796
694.8346211961823
382.72514010290126
4797
686.57189717499
399.250588145286
4798
682.4405351643939
419.90739819826695
4799
680.3748541590955
432.3014842300554
4800
676.2434921484994
450.8926132777383
4801
674.1778111432013
471.54942333071915
4802
672.1121301379033
488.07487137310386
4803
672.1121301379033
502.5346384101905
4804
670.0464491326052
523.1914484631714
4805
670.0464491326052
539.7168965055561
4806
665.915087122009
560.373706558537
4807
663.849406116711
578.9648356062198
4808
661.7837251114129
595.4902836486045
4809
661.7837251114129
614.0814126962873
4810
661.7837251114129
632.6725417439701
4811
661.7837251114129
653.3293517969511
4812
665.915087122009
669.8547998393358
4813
667.9807681273071
688.4459288870186
4814
672.1121301379033
707.0370579347014
4815
676.2434921484994
727.6938679876823
4816
678.3091731537975
746.284997035365
4817
680.3748541590955
766.941807088346
4818
684.5062161696919
787.5986171413269
4819
688.6375781802881
804.1240651837115
4820
688.6375781802881
824.7808752366925
4821
690.7032591855861
847.5033662949714
4822
692.7689401908842
866.0944953426542
4823
696.9003022014804
886.7513053956352
4824
698.9659832067784
907.4081154486161
4825
703.0973452173746
923.9335634910008
4826
705.1630262226727
944.5903735439817
4827
711.3600692385669
969.3785456075587
4828
715.491431249163
990.0353556605396
4829
721.6884742650575
1012.7578467188187
4830
727.8855172809517
1039.6116997876939
4831
734.0825602968459
1062.334190845973
0