4797
705.1630262226727
273.2440468221025
4798
703.0973452173746
283.572451848593
4799
698.9659832067784
289.7694948644872
4800
694.8346211961823
300.0978998909777
4801
694.8346211961823
310.4263049174682
4802
692.7689401908842
316.6233479333624
4803
692.7689401908842
326.9517529598529
4804
688.6375781802881
335.2144769810452
4805
688.6375781802881
347.60856301283377
4806
688.6375781802881
357.93696803932426
4807
690.7032591855861
368.26537306581463
4808
688.6375781802881
378.5937780923051
4809
686.57189717499
388.9221831187956
4810
684.5062161696919
399.250588145286
4811
684.5062161696919
411.64467417707453
4812
682.4405351643939
424.0387602088631
4813
680.3748541590955
434.3671652353536
4814
678.3091731537975
444.69557026184395
4815
678.3091731537975
457.0896562936325
4816
676.2434921484994
471.54942333071915
4817
674.1778111432013
479.81214735191156
4818
670.0464491326052
492.2062333837
4819
665.915087122009
506.66600042078665
4820
667.9807681273071
519.0600864525752
4821
663.849406116711
531.4541724843638
4822
661.7837251114129
539.7168965055561
4823
659.7180441061148
554.1766635426427
4824
661.7837251114129
566.5707495744313
4825
659.7180441061148
574.8334735956237
4826
657.6523631008167
589.2932406327103
4827
657.6523631008167
599.6216456592007
4828
659.7180441061148
612.0157316909892
4829
661.7837251114129
624.4098177227778
4830
663.849406116711
632.6725417439701
4831
667.9807681273071
647.1323087810567
4832
667.9807681273071
659.5263948128453
4833
670.0464491326052
671.9204808446339
4834
672.1121301379033
686.3802478817205
4835
672.1121301379033
702.9056959241052
4836
672.1121301379033
723.5625059770861
4837
672.1121301379033
738.0222730141727
4838
670.0464491326052
758.6790830671537
4839
670.0464491326052
779.3358931201345
4840
672.1121301379033
795.8613411625192
4841
676.2434921484994
820.6495132260964
4842
676.2434921484994
845.4376852896734
4843
678.3091731537975
866.0944953426542
4844
676.2434921484994
892.9483484115294
4845
680.3748541590955
919.8022014804046
4846
684.5062161696919
944.5903735439817
4847
686.57189717499
971.4442266128568
4848
686.57189717499
996.232398676434
4849
686.57189717499
1023.086251745309
4850
686.57189717499
1049.9401048141842
0