4804
748.5423273339327
277.3754088326988
4805
750.6080083392308
289.7694948644872
4806
746.4766463286344
302.1635808962758
4807
748.5423273339327
318.6890289386605
4808
748.5423273339327
329.017433965151
4809
746.4766463286344
345.5428820075357
4810
746.4766463286344
360.00264904462233
4811
746.4766463286344
372.3967350764109
4812
744.4109653233363
386.8565021134975
4813
744.4109653233363
403.38195015588224
4814
742.3452843180382
415.7760361876707
4815
742.3452843180382
432.3014842300554
4816
744.4109653233363
446.76125126714203
4817
744.4109653233363
459.1553372989306
4818
742.3452843180382
471.54942333071915
4819
744.4109653233363
483.9435093625077
4820
750.6080083392308
492.2062333837
4821
754.7393703498269
504.60031941548857
4822
758.8707323604231
516.9944054472771
4823
765.0677753763173
533.5198534896618
4824
771.2648183922115
541.7825775108543
4825
779.5275424134038
556.2423445479408
4826
785.7245854292983
572.7677925903256
4827
793.9873094504906
589.2932406327103
4828
798.1186714610867
607.8843696803931
4829
800.1843524663848
626.4754987280759
4830
806.381395482279
653.3293517969511
4831
810.5127574928752
673.9861618499319
4832
812.5784384981732
700.8400149188071
4833
816.7098005087696
729.7595489929804
4834
818.7754815140677
758.6790830671537
4835
820.8411625193658
793.7956601572212
4836
824.9725245299619
830.9779182525867
4837
822.9068435246638
866.0944953426542
4838
822.9068435246638
907.4081154486161
4839
822.9068435246638
942.5246925386837
4840
820.8411625193658
985.9039936499435
4841
820.8411625193658
1033.4146567717994
4842
818.7754815140677
1070.5969148671652
0