4809
808.4470764875771
281.50677084329493
4810
806.381395482279
291.8351758697853
4811
804.3157144769809
308.36062391217
4812
802.2500334716829
320.7547099439586
4813
800.1843524663848
331.08311497044906
4814
800.1843524663848
347.60856301283377
4815
798.1186714610867
360.00264904462233
4816
796.0529904557886
370.3310540711127
4817
796.0529904557886
388.9221831187956
4818
798.1186714610867
399.250588145286
4819
793.9873094504906
413.7103551823726
4820
796.0529904557886
426.10444121416117
4821
798.1186714610867
436.43284624065166
4822
800.1843524663848
452.95829428303637
4823
802.2500334716829
465.3523803148249
4824
806.381395482279
479.81214735191156
4825
812.5784384981732
492.2062333837
4826
820.8411625193658
502.5346384101905
4827
833.2352485511542
514.928724441979
4828
845.6293345829426
529.3884914790657
4829
851.8263775988371
541.7825775108543
4830
858.0234206147313
556.2423445479408
4831
862.1547826253275
568.6364305797293
4832
866.2861446359236
585.161878622114
4833
872.4831876518178
597.5559646539026
4834
882.8115926783084
609.9500506856912
4835
899.337040720693
624.4098177227778
4836
913.7968077577796
634.7382227492682
4837
926.1908937895682
645.0666277757587
4838
944.7820228372509
657.4607138075472
4839
965.4388328902319
665.7234378287395
4840
986.0956429432129
673.9861618499319
4841
1015.0151770173861
680.1832048658262
4842
1050.1317541074536
686.3802478817205
4843
1083.182650192223
686.3802478817205
4844
1114.1678652716944
684.3145668764224
4845
1149.2844423617619
684.3145668764224
4846
1182.3353384465313
682.2488858711243
4847
1219.5175965418969
678.1175238605281
4848
1256.6998546372624
673.9861618499319
4849
1289.7507507220319
669.8547998393358
4850
1331.0643708279936
665.7234378287395
4851
1364.115266912763
663.6577568234414
4852
1403.3632060134266
657.4607138075472
4853
1438.4797831034941
651.263670791653
4854
1477.727722204158
647.1323087810567
4855
1521.1070233154178
647.1323087810567
4856
1558.2892814107834
640.9352657651625
0