4813
773.3304993975096
275.3097278274006
4814
771.2648183922115
289.7694948644872
4815
773.3304993975096
304.22926190157386
4816
773.3304993975096
316.6233479333624
4817
771.2648183922115
329.017433965151
4818
771.2648183922115
345.5428820075357
4819
769.1991373869134
353.805606028728
4820
769.1991373869134
364.1340110552185
4821
771.2648183922115
382.72514010290126
4822
769.1991373869134
395.1192261346898
4823
769.1991373869134
405.4476311611803
4824
767.1334563816154
417.8417171929689
4825
767.1334563816154
432.3014842300554
4826
767.1334563816154
444.69557026184395
4827
767.1334563816154
461.22101830422866
4828
767.1334563816154
477.7464663466134
4829
765.0677753763173
492.2062333837
4830
765.0677753763173
514.928724441979
4831
763.0020943710192
533.5198534896618
4832
760.9364133657211
552.1109825373446
4833
758.8707323604231
572.7677925903256
4834
760.9364133657211
595.4902836486045
4835
765.0677753763173
614.0814126962873
4836
771.2648183922115
640.9352657651625
4837
781.5932234187019
661.5920758181434
4838
791.9216284451925
684.3145668764224
4839
802.2500334716829
715.2997819558938
4840
808.4470764875771
740.0879540194708
4841
816.7098005087696
775.2045311095383
4842
820.8411625193658
808.2554271943077
4843
824.9725245299619
841.3063232790772
4844
829.103886540558
874.3572193638466
4845
831.1695675458561
917.7365204751065
4846
833.2352485511542
950.787416559876
4847
833.2352485511542
985.9039936499435
4848
833.2352485511542
1027.2176137559052
4849
831.1695675458561
1064.3998718512707
0