4860
727.8855172809517
275.3097278274006
4861
725.8198362756536
293.9008568750835
4862
725.8198362756536
308.36062391217
4863
721.6884742650575
326.9517529598529
4864
721.6884742650575
343.4772010022376
4865
717.5571122544613
362.0683300499204
4866
715.491431249163
382.72514010290126
4867
715.491431249163
401.31626915058405
4868
717.5571122544613
413.7103551823726
4869
723.7541552703556
432.3014842300554
4870
734.0825602968459
446.76125126714203
4871
746.4766463286344
467.418061320123
4872
760.9364133657211
481.87782835720964
4873
775.3961804028077
492.2062333837
4874
793.9873094504906
508.7316814260847
4875
812.5784384981732
519.0600864525752
4876
835.3009295564523
535.5855344949599
4877
855.9577396094332
543.8482585161523
4878
878.6802306677121
552.1109825373446
4879
903.4684027312892
560.373706558537
4880
934.4536178107605
564.5050685691332
4881
963.3731518849338
564.5050685691332
4882
996.4240479697032
568.6364305797293
4883
1031.5406250597707
570.7021115850274
4884
1066.6572021498382
570.7021115850274
4885
1101.7737792399057
574.8334735956237
4886
1141.0217183405694
578.9648356062198
4887
1180.2696574412332
585.161878622114
4888
1223.648958552493
591.3589216380084
4889
1267.0282596637528
597.5559646539026
4890
1302.1448367538203
603.7530076697968
4891
1345.5241378650803
612.0157316909892
4892
1395.1004819922343
620.2784557121817
4893
1440.5454641087922
624.4098177227778
4894
1490.1218082359464
632.6725417439701
4895
1541.7638333683988
636.8039037545664
1