4920
1578.946091463764
525.2571294684694
4921
1535.5667903525043
521.1257674578733
4922
1494.2531702465426
510.7973624313829
4923
1455.005231145879
502.5346384101905
4924
1411.6259300346192
490.14055237840194
4925
1366.180947918061
477.7464663466134
4926
1326.9330088173974
467.418061320123
4927
1283.5537077061376
457.0896562936325
4928
1250.5028116213682
446.76125126714203
4929
1219.5175965418969
440.5642082512478
4930
1188.5323814624255
426.10444121416117
4931
1157.5471663829542
413.7103551823726
4932
1124.4962702981848
405.4476311611803
4933
1095.5767362240115
395.1192261346898
4934
1070.7885641604344
382.72514010290126
4935
1041.869030086261
366.19969206051655
4936
1021.2122200332803
351.7399250234299
4937
996.4240479697032
339.34583899164136
4938
977.8329189220203
320.7547099439586
4939
961.3074708796357
310.4263049174682
4940
942.7163418319528
287.70381385918915
4941
930.3222558001644
269.11268481150637
2