5000
723.7541552703556
281.50677084329493
5001
721.6884742650575
300.0978998909777
5002
721.6884742650575
314.55766692806435
5003
721.6884742650575
333.14879597574713
5004
719.6227932597594
351.7399250234299
5005
719.6227932597594
370.3310540711127
5006
717.5571122544613
390.9878641240937
5007
715.491431249163
409.57899317177646
5008
713.425750243865
432.3014842300554
5009
709.2943882332688
455.02397528833444
5010
705.1630262226727
473.6151043360172
5011
698.9659832067784
498.40327639959435
5012
688.6375781802881
527.3228104737676
5013
680.3748541590955
550.0453015320466
5014
674.1778111432013
576.8991546009217
5015
670.0464491326052
601.6873266644988
5016
674.1778111432013
624.4098177227778
5017
682.4405351643939
655.3950328022491
5018
688.6375781802881
680.1832048658262
5019
690.7032591855861
709.1027389399994
5020
694.8346211961823
740.0879540194708
5021
705.1630262226727
769.007488093644
5022
719.6227932597594
802.0583841784135
5023
732.0168792915479
843.3720042843753
5024
742.3452843180382
876.4229003691447
5025
756.805051355125
915.6708394698085
5026
769.1991373869134
952.853097565174
5027
785.7245854292983
990.0353556605396
5028
808.4470764875771
1039.6116997876939
0