1143
738.2139223074421
295.96653788038157
1144
738.2139223074421
316.6233479333624
1145
738.2139223074421
337.2801579863433
1146
740.2796033127402
351.7399250234299
1147
740.2796033127402
374.46241608170897
1148
740.2796033127402
395.1192261346898
1149
740.2796033127402
415.7760361876707
1150
738.2139223074421
434.3671652353536
1151
734.0825602968459
457.0896562936325
1152
732.0168792915479
475.6807853413153
1153
732.0168792915479
496.3375953942963
1154
727.8855172809517
519.0600864525752
1155
725.8198362756536
537.651215500258
1156
725.8198362756536
550.0453015320466
1157
723.7541552703556
570.7021115850274
1158
721.6884742650575
587.2275596274121
1159
719.6227932597594
599.6216456592007
1160
719.6227932597594
609.9500506856912
1161
721.6884742650575
624.4098177227778
1162
725.8198362756536
636.8039037545664
1163
732.0168792915479
649.1979897863548
1164
736.148241302144
663.6577568234414
1165
738.2139223074421
673.9861618499319
1166
738.2139223074421
688.4459288870186
1167
738.2139223074421
702.9056959241052
1168
744.4109653233363
715.2997819558938
1169
750.6080083392308
729.7595489929804
1170
756.805051355125
744.2193160300669
1171
767.1334563816154
752.4820400512593
1172
777.4618614081057
771.0731690989421
1173
789.8559474398944
785.5329361360288
1174
798.1186714610867
802.0583841784135
1175
804.3157144769809
818.5838322207983
1176
816.7098005087696
841.3063232790772
1177
824.9725245299619
853.7004093108658
1178
835.3009295564523
878.4885813744428
1179
847.6950155882407
899.1453914274236
1180
860.0891016200294
919.8022014804046
1181
872.4831876518178
942.5246925386837
1182
893.1399977047988
963.1815025916644
1183
909.6654457471834
981.7726316393473
1184
924.1252127842702
1006.5608037029244
1185
944.7820228372509
1031.3489757665016
1186
955.1104278637415
1058.2028288353765
0