5007
719.6227932597594
273.2440468221025
5008
717.5571122544613
289.7694948644872
5009
715.491431249163
308.36062391217
5010
715.491431249163
326.9517529598529
5011
715.491431249163
347.60856301283377
5012
717.5571122544613
364.1340110552185
5013
717.5571122544613
384.79082110819934
5014
719.6227932597594
403.38195015588224
5015
721.6884742650575
419.90739819826695
5016
723.7541552703556
440.5642082512478
5017
723.7541552703556
461.22101830422866
5018
721.6884742650575
477.7464663466134
5019
721.6884742650575
500.4689574048924
5020
721.6884742650575
521.1257674578733
5021
723.7541552703556
541.7825775108543
5022
723.7541552703556
564.5050685691332
5023
723.7541552703556
593.4246026433065
5024
727.8855172809517
616.1470937015854
5025
729.9511982862498
643.0009467704606
5026
734.0825602968459
669.8547998393358
5027
740.2796033127402
700.8400149188071
5028
744.4109653233363
727.6938679876823
5029
748.5423273339327
758.6790830671537
5030
754.7393703498269
793.7956601572212
5031
758.8707323604231
824.7808752366925
5032
758.8707323604231
855.7660903161639
5033
763.0020943710192
897.0797104221256
5034
767.1334563816154
932.1962875121931
5035
769.1991373869134
975.5755886234531
5036
773.3304993975096
1014.8235277241167
5037
773.3304993975096
1056.1371478300784
0