5028
806.381395482279
283.572451848593
5029
810.5127574928752
306.29494290687194
5030
808.4470764875771
320.7547099439586
5031
810.5127574928752
343.4772010022376
5032
812.5784384981732
362.0683300499204
5033
808.4470764875771
382.72514010290126
5034
808.4470764875771
401.31626915058405
5035
804.3157144769809
417.8417171929689
5036
800.1843524663848
434.3671652353536
5037
798.1186714610867
450.8926132777383
5038
791.9216284451925
465.3523803148249
5039
787.7902664345963
481.87782835720964
5040
785.7245854292983
506.66600042078665
5041
779.5275424134038
525.2571294684694
5042
777.4618614081057
543.8482585161523
5043
771.2648183922115
562.4393875638351
5044
773.3304993975096
591.3589216380084
5045
775.3961804028077
614.0814126962873
5046
781.5932234187019
645.0666277757587
5047
789.8559474398944
665.7234378287395
5048
800.1843524663848
702.9056959241052
5049
806.381395482279
735.9565920088746
5050
814.6441195034715
781.4015741254326
5051
820.8411625193658
818.5838322207983
5052
824.9725245299619
864.0288143373562
5053
827.03820553526
913.6051584645104
5054
829.103886540558
967.3128646022607
5055
827.03820553526
1018.9548897347129
5056
818.7754815140677
1066.465552856569
0