5031
796.0529904557886
287.70381385918915
5032
793.9873094504906
308.36062391217
5033
791.9216284451925
331.08311497044906
5034
789.8559474398944
351.7399250234299
5035
785.7245854292983
370.3310540711127
5036
781.5932234187019
390.9878641240937
5037
775.3961804028077
409.57899317177646
5038
771.2648183922115
432.3014842300554
5039
763.0020943710192
452.95829428303637
5040
756.805051355125
473.6151043360172
5041
748.5423273339327
486.0091903678058
5042
740.2796033127402
504.60031941548857
5043
732.0168792915479
523.1914484631714
5044
723.7541552703556
543.8482585161523
5045
715.491431249163
566.5707495744313
5046
711.3600692385669
589.2932406327103
5047
707.2287072279707
609.9500506856912
5048
705.1630262226727
638.8695847598644
5049
705.1630262226727
663.6577568234414
5050
709.2943882332688
696.7086529082109
5051
715.491431249163
727.6938679876823
5052
721.6884742650575
762.8104450777498
5053
732.0168792915479
795.8613411625192
5054
748.5423273339327
830.9779182525867
5055
765.0677753763173
866.0944953426542
5056
781.5932234187019
909.4737964539141
5057
793.9873094504906
946.6560545492798
5058
800.1843524663848
983.8383126446454
5059
806.381395482279
1037.5460187823958
0