5049
752.6736893445288
281.50677084329493
5050
754.7393703498269
304.22926190157386
5051
756.805051355125
322.82039094925665
5052
760.9364133657211
345.5428820075357
5053
767.1334563816154
362.0683300499204
5054
769.1991373869134
386.8565021134975
5055
773.3304993975096
409.57899317177646
5056
775.3961804028077
428.17012221945924
5057
777.4618614081057
457.0896562936325
5058
781.5932234187019
479.81214735191156
5059
787.7902664345963
504.60031941548857
5060
791.9216284451925
531.4541724843638
5061
796.0529904557886
558.308025553239
5062
802.2500334716829
587.2275596274121
5063
808.4470764875771
612.0157316909892
5064
820.8411625193658
643.0009467704606
5065
827.03820553526
667.7891188340377
5066
837.3666105617503
707.0370579347014
5067
847.6950155882407
731.8252299982785
5068
858.0234206147313
771.0731690989421
5069
864.2204636306255
802.0583841784135
5070
872.4831876518178
841.3063232790772
5071
874.5488686571159
878.4885813744428
5072
868.3518256412217
915.6708394698085
5073
862.1547826253275
956.9844595757702
5074
847.6950155882407
996.232398676434
5075
822.9068435246638
1043.74306179829
0