5094
769.1991373869134
269.11268481150637
5095
769.1991373869134
287.70381385918915
5096
771.2648183922115
306.29494290687194
5097
773.3304993975096
333.14879597574713
5098
773.3304993975096
351.7399250234299
5099
777.4618614081057
374.46241608170897
5100
779.5275424134038
397.1849071399879
5101
781.5932234187019
417.8417171929689
5102
785.7245854292983
440.5642082512478
5103
789.8559474398944
463.28669930952674
5104
793.9873094504906
483.9435093625077
5105
796.0529904557886
506.66600042078665
5106
800.1843524663848
531.4541724843638
5107
806.381395482279
550.0453015320466
5108
812.5784384981732
574.8334735956237
5109
822.9068435246638
599.6216456592007
5110
829.103886540558
626.4754987280759
5111
841.4979725723465
653.3293517969511
5112
847.6950155882407
678.1175238605281
5113
855.9577396094332
709.1027389399994
5114
864.2204636306255
735.9565920088746
5115
874.5488686571159
764.8761260830479
5116
882.8115926783084
797.9270221678173
5117
893.1399977047988
830.9779182525867
5118
899.337040720693
861.9631333320581
5119
909.6654457471834
897.0797104221256
5120
915.8624887630779
928.0649255015969
5121
924.1252127842702
961.1158215863663
5122
930.3222558001644
992.1010366658377
5123
940.6506608266548
1029.2832947612033
5124
950.9790658531454
1058.2028288353765
0