5113
769.1991373869134
279.44108983799686
5114
769.1991373869134
295.96653788038157
5115
767.1334563816154
312.4919859227663
5116
765.0677753763173
329.017433965151
5117
763.0020943710192
345.5428820075357
5118
763.0020943710192
368.26537306581463
5119
763.0020943710192
386.8565021134975
5120
760.9364133657211
409.57899317177646
5121
763.0020943710192
430.2358032247573
5122
765.0677753763173
450.8926132777383
5123
763.0020943710192
473.6151043360172
5124
763.0020943710192
500.4689574048924
5125
758.8707323604231
525.2571294684694
5126
756.805051355125
554.1766635426427
5127
752.6736893445288
581.0305166115179
5128
752.6736893445288
612.0157316909892
5129
748.5423273339327
647.1323087810567
5130
742.3452843180382
676.05184285523
5131
740.2796033127402
719.4311439664899
5132
736.148241302144
748.3506780406632
5133
736.148241302144
793.7956601572212
5134
734.0825602968459
837.174961268481
5135
736.148241302144
874.3572193638466
5136
738.2139223074421
923.9335634910008
5137
740.2796033127402
973.509907618155
5138
742.3452843180382
1023.086251745309
5139
742.3452843180382
1068.5312338618671
0