5129
793.9873094504906
295.96653788038157
5130
791.9216284451925
316.6233479333624
5131
789.8559474398944
347.60856301283377
5132
785.7245854292983
364.1340110552185
5133
785.7245854292983
388.9221831187956
5134
785.7245854292983
413.7103551823726
5135
783.6589044240002
438.49852724594973
5136
783.6589044240002
469.4837423254211
5137
783.6589044240002
488.07487137310386
5138
781.5932234187019
521.1257674578733
5139
781.5932234187019
545.9139395214504
5140
779.5275424134038
578.9648356062198
5141
781.5932234187019
605.818688675095
5142
783.6589044240002
638.8695847598644
5143
787.7902664345963
665.7234378287395
5144
793.9873094504906
698.774333913509
5145
798.1186714610867
729.7595489929804
5146
802.2500334716829
769.007488093644
5147
810.5127574928752
799.9927031731154
5148
822.9068435246638
843.3720042843753
5149
833.2352485511542
878.4885813744428
5150
849.760696593539
921.8678824857027
5151
864.2204636306255
971.4442266128568
5152
878.6802306677121
1018.9548897347129
5153
897.271359715395
1064.3998718512707
0