5197
779.5490015533171
279.12015789389386
5198
777.8195349656507
296.4148237705572
5199
776.0900683779844
324.0862891732187
5200
781.2784681409835
344.83988822521474
5201
779.5490015533171
369.0524204525435
5202
779.5490015533171
391.53548609220604
5203
783.0079347286498
422.66588467020017
5204
786.4668679039826
450.33735007286157
5205
789.9258010793153
478.0088154755231
5206
798.5731340176469
498.7624145275191
5207
802.0320671929796
529.8928131055133
5208
810.6794001313112
552.3758787451758
5209
815.8677998943103
581.7768107355035
5210
822.7856662449756
616.3661424888304
5211
827.9740660079747
647.4965410668245
5212
833.1624657709738
680.356406232485
5213
843.5392652969717
709.7573382228128
5214
846.9981984723045
744.3466699761397
5215
855.6455314106361
778.9360017294664
5216
860.8339311736352
815.2548000704596
5217
867.7517975243006
846.3851986484538
5218
872.9401972872995
879.2450638141142
5219
881.5875302256313
915.5638621551075
5220
890.2348631639629
946.6942607331016
5221
909.2589956282927
974.365726135763
5222
917.9063285666243
1012.4139910644226
5223
933.4715278556216
1040.085456467084
0