5217
789.9258010793153
261.82549201723043
5218
788.1963344916489
287.7674908322256
5219
788.1963344916489
310.250556471888
5220
788.1963344916489
332.7336221115504
5221
786.4668679039826
355.2166877512128
5222
779.5490015533171
382.8881531538743
5223
779.5490015533171
405.37121879353674
5224
779.5490015533171
431.3132176085319
5225
781.2784681409835
448.6078834851953
5226
789.9258010793153
465.90254936185863
5227
798.5731340176469
502.22134770285186
5228
812.4088667189776
517.7865469918489
5229
827.9740660079747
541.9990792191777
5230
846.9981984723045
562.7526782711737
5231
872.9401972872995
585.2357439108363
5232
904.0705958652936
604.259876375166
5233
936.9304610309541
616.3661424888304
5234
976.7081925472801
633.6608083654938
5235
1016.4859240636058
642.3081413038254
5236
1063.181521930597
647.4965410668245
5237
1113.336052972921
647.4965410668245
5238
1160.0316508399121
656.1438740051562
5239
1211.9156484699024
656.1438740051562
5240
1260.34071292456
656.1438740051562
5241
1313.9541771422166
652.6849408298235
5242
1364.1087081845405
649.2260076544909
5243
1421.1811055775297
650.9554742421572
5244
1474.7945697951864
645.7670744791582
5245
1528.4080340128428
642.3081413038254
5246
1578.5625650551667
633.6608083654938
1