5320
758.795402501321
256.63709225423133
5321
758.795402501321
272.2022915432284
5322
755.3364693259884
279.12015789389386
5323
755.3364693259884
289.4969574198918
5324
755.3364693259884
294.6853571828909
5325
758.795402501321
313.7094896472206
5326
760.5248690889873
320.62735599788596
5327
753.6070027383221
337.9220218745494
5328
757.0659359136548
344.83988822521474
5329
755.3364693259884
350.02828798821383
5330
755.3364693259884
362.13455410187817
5331
760.5248690889873
367.32295386487726
5332
757.0659359136548
377.69975339087523
5333
762.2543356766537
384.6176197415406
5334
762.2543356766537
410.5596185565357
5335
763.98380226432
401.912285618204
5336
760.5248690889873
403.6417522058704
5337
751.8775361506557
417.4774849072011
5338
751.8775361506557
419.20695149486744
5339
750.1480695629893
426.1248178455328
5340
751.8775361506557
434.7721507838645
5341
751.8775361506557
443.4194837221962
5342
751.8775361506557
448.6078834851953
5343
746.6891363876566
455.52574983586067
5344
746.6891363876566
467.632015949525
5345
738.041803449325
465.90254936185863
5346
732.8534036863259
479.73828206318944
5347
731.1239370986596
486.6561484138548
5348
725.9355373356607
498.7624145275191
5349
727.6650039233268
507.40974746585084
5350
725.9355373356607
516.0570804041826
5351
722.476604160328
522.9749467548479
5352
722.476604160328
526.4338799301806
5353
722.476604160328
543.7285458068441
5354
727.6650039233268
545.4580123945104
5355
729.3944705109932
550.6464121575094
5356
732.8534036863259
547.1874789821767
5357
734.5828702739923
561.0232116835075
5358
736.3123368616587
566.2116114465065
5359
738.041803449325
567.9410780341728
5360
738.041803449325
573.1294777971718
5361
744.9596697999903
576.5884109725046
5362
746.6891363876566
588.6946770861689
5363
746.6891363876566
595.6125434368342
5364
746.6891363876566
605.9893429628323
5365
738.041803449325
609.448276138165
5366
741.5007366246577
628.4724086024947
5367
729.3944705109932
645.7670744791582
5368
725.9355373356607
656.1438740051562
5369
725.9355373356607
676.8974730571523
5370
732.8534036863259
692.4626723461494
5371
738.041803449325
711.4868048104792
5372
738.041803449325
728.7814706871425
5373
744.9596697999903
746.0761365638059
5374
744.9596697999903
751.264536326805
5375
746.6891363876566
777.2065351418
5376
746.6891363876566
791.0422678431308
5377
743.2302032123239
804.8780005444617
5378
743.2302032123239
823.9021330087913
5379
744.9596697999903
827.361066184124
5380
743.2302032123239
846.3851986484538
5381
739.7712700369914
853.3030649991192
5382
732.8534036863259
856.7619981744518
5383
727.6650039233268
868.8682642881163
5384
731.1239370986596
879.2450638141142
5385
734.5828702739923
891.3513299277786
5386
738.041803449325
889.6218633401123
5387
739.7712700369914
901.7281294537767
5388
739.7712700369914
915.5638621551075
5389
732.8534036863259
927.6701282687718
5390
734.5828702739923
941.5058609701025
5391
736.3123368616587
962.2594600220987
5392
732.8534036863259
970.9067929604303
5393
736.3123368616587
991.6603920124264
5394
736.3123368616587
1000.3077249507581
5395
732.8534036863259
1014.1434576520888
5396
732.8534036863259
1031.4381235287524
5397
731.1239370986596
1052.1917225807483
5398
725.9355373356607
1069.4863884574117
0