22
769.2296146476474
291.0563125399193
23
767.1393055528674
303.59816710859945
24
767.1393055528674
322.41094896161974
25
767.1393055528674
341.22373081464
26
767.1393055528674
357.94620357288034
27
767.1393055528674
378.8492945206807
28
769.2296146476474
397.662076373701
29
769.2296146476474
414.3845491319412
30
775.5005419319875
429.0167127954014
31
775.5005419319875
449.9198037432018
32
783.8617783111076
464.551967406662
33
792.2230146902277
481.27444016490233
34
800.584251069348
495.90660382836256
35
811.0357965432481
512.6290765866028
36
825.6679602067084
525.170931155283
37
842.3904329649486
537.7127857239632
38
861.203214817969
550.2546402926434
39
880.0159966709891
562.7964948613236
40
903.0093967135697
573.2480403352238
41
926.00279675615
585.7898949039039
42
948.9961967987304
592.0608221882441
43
978.2605241256508
600.4220585673642
44
1011.7054696421314
602.5123676621442
45
1049.331033348172
610.8736040412643
46
1082.7759788646524
610.8736040412643
47
1126.6724698550331
610.8736040412643
48
1166.3883426558539
610.8736040412643
49
1208.1945245514546
608.7832949464843
50
1250.000706447055
606.6929858517043
51
1291.8068883426558
604.6026767569242
52
1337.7936884278165
600.4220585673642
53
1383.7804885129774
598.3317494725842
54
1431.857597692918
594.151131283024
55
1479.934706872859
585.7898949039039
56
1534.2827433371397
583.699585809124
57
1586.5404707066405
577.4286585247838
1