1150
108.18121569152498
808.2554271943077
1151
174.28300786106382
799.9927031731154
1152
244.5161620411988
793.7956601572212
1153
306.4865922001415
785.5329361360288
1154
362.25997934318997
777.2702121148363
1155
418.0333664862383
769.007488093644
1156
463.4783486027963
764.8761260830479
1157
500.66060669816187
760.7447640724517
1158
533.7115027829313
756.6134020618556
1159
560.5653558518065
752.4820400512593
1160
583.2878469100854
748.3506780406632
1161
599.8132949524702
744.2193160300669
1162
612.2073809842586
740.0879540194708
1163
624.6014670160473
733.8909110035765
1164
634.9298720425377
731.8252299982785
1165
645.258277069028
729.7595489929804
1166
653.5210010902206
727.6938679876823
1167
661.7837251114129
727.6938679876823
1168
670.0464491326052
727.6938679876823
1169
674.1778111432013
725.6281869823842
1170
680.3748541590955
723.5625059770861
1171
690.7032591855861
723.5625059770861
1172
705.1630262226727
727.6938679876823
1173
717.5571122544613
729.7595489929804
1174
732.0168792915479
731.8252299982785
1175
750.6080083392308
729.7595489929804
1176
773.3304993975096
727.6938679876823
1177
793.9873094504906
725.6281869823842
1178
814.6441195034715
723.5625059770861
1179
839.4322915670484
721.496824971788
1180
862.1547826253275
719.4311439664899
1181
884.8772736836065
721.496824971788
1182
905.5340837365873
719.4311439664899
1183
932.3879368054625
719.4311439664899
1184
959.2417898743377
721.496824971788
1185
988.1613239485109
723.5625059770861
1186
1019.1465390279823
717.3654629611918
1187
1048.0660731021555
713.2341009505957
1188
1081.116969186925
707.0370579347014
1189
1112.102184266396
700.8400149188071
1190
1143.0873993458674
694.6429719029128
1191
1174.0726144253388
688.4459288870186
1192
1209.1891915154063
682.2488858711243
1193
1240.1744065948776
671.9204808446339
1194
1279.4223456955415
667.7891188340377
1195
1312.473241780311
661.5920758181434
1196
1349.6554998756765
655.3950328022491
1197
1384.772076965744
649.1979897863548
1198
1421.9543350611095
645.0666277757587
1199
1463.2679551670712
643.0009467704606
1200
1502.515894267735
638.8695847598644
1201
1541.7638333683988
632.6725417439701
1202
1581.0117724690624
628.541179733374
0