5324
1585.4804314058322
505.6802808781845
5325
1545.7026998895062
510.8686806411836
5326
1512.8428347238457
509.1392140535172
5327
1479.9829695581852
500.4918811151855
5328
1440.2052380418595
495.3034813521865
5329
1405.6159062885326
481.4677486508557
5330
1369.2971079475394
481.4677486508557
5331
1346.8140423078771
474.54988230019035
5332
1310.495243966884
464.1730827741924
5333
1279.3648453888898
455.52574983586067
5334
1249.963913398562
443.4194837221962
5335
1220.5629814082342
438.23108395919724
5336
1191.1620494179062
424.39535125786654
5337
1165.2200506029112
419.20695149486744
5338
1134.089652024917
405.37121879353674
5339
1106.4181866222557
396.723885855205
5340
1094.3119205085911
388.0765529168733
5341
1066.6404551059297
367.32295386487726
5342
1047.6163226416
363.86402068954453
5343
1033.7805899402692
351.7577545758802
5344
1013.0269908882733
336.19255528688313
5345
1002.6501913622751
327.5452223485514
5346
990.5439252486108
317.16842282255334
5347
978.4376591349464
299.8737569458899
5348
969.7903261966146
289.4969574198918
5349
964.6019264336157
277.3906913062275
5350
954.2251269076176
263.5549586048968
5351
954.2251269076176
258.3665588418977
2