5342
762.2543356766537
268.7433583678958
5343
763.98380226432
282.5790910692265
5344
763.98380226432
294.6853571828909
5345
763.98380226432
306.79162329655526
5346
758.795402501321
322.3568225855523
5347
758.795402501321
337.9220218745494
5348
762.2543356766537
346.5693548128811
5349
763.98380226432
355.2166877512128
5350
765.7132688519864
370.7818870402099
5351
765.7132688519864
389.8060195045397
5352
765.7132688519864
405.37121879353674
5353
765.7132688519864
419.20695149486744
5354
769.1722020273191
429.5837510208655
5355
772.6311352026519
441.69001713452985
5356
777.8195349656507
455.52574983586067
5357
779.5490015533171
472.8204157125241
5358
781.2784681409835
481.4677486508557
5359
789.9258010793153
500.4918811151855
5360
800.3026006053133
512.5981472288499
5361
814.138333306644
524.7044133425143
5362
824.5151328326419
533.351746280846
5363
840.080332121639
538.540146043845
5364
871.2107306996331
557.5642785081748
5365
891.9643297516293
564.4821448588401
5366
917.9063285666243
573.1294777971718
5367
955.9545934952839
583.5062773231699
5368
983.6260588979453
585.2357439108363
5369
1021.6743238266049
580.0473441478372
5370
1063.181521930597
581.7768107355035
5371
1104.6887200345893
586.9652104985025
5372
1142.7369849632487
586.9652104985025
5373
1179.055783304242
585.2357439108363
5374
1220.5629814082342
585.2357439108363
5375
1262.0701795122263
580.0473441478372
5376
1301.847911028552
580.0473441478372
5377
1348.5435088955435
580.0473441478372
5378
1395.2391067625347
571.4000112095055
5379
1435.0168382788604
571.4000112095055
5380
1481.7124361458516
571.4000112095055
5381
1528.4080340128428
567.9410780341728
5382
1566.4562989415024
569.6705446218391
1