5395
715.1556899564814
266.03051434054066
5396
710.3703380466636
272.2022915432284
5397
706.9114048713309
289.4969574198918
5398
708.6408714589973
294.6853571828909
5399
710.3703380466636
310.250556471888
5400
710.3703380466636
322.3568225855523
5401
713.8292712219961
325.81575576088505
5402
710.3703380466636
339.65148846221575
5403
712.0998046343298
353.48722116354645
5404
715.5587378096625
369.0524204525435
5405
715.5587378096625
379.4292199785416
5406
717.2882043973289
389.8060195045397
5407
715.5587378096625
408.83015196886936
5408
710.3703380466636
415.7480183195348
5409
710.3703380466636
436.50161737153087
5410
708.6408714589973
452.06681666052793
5411
710.3703380466636
462.443616186526
5412
701.7230051083318
469.36148253719136
5413
698.2640719329991
493.57401476452014
5414
698.2640719329991
512.5981472288499
5415
698.2640719329991
529.8928131055133
5416
694.8051387576663
554.105345332842
5417
696.5346053453327
569.6705446218391
5418
701.7230051083318
586.9652104985025
5419
701.7230051083318
604.259876375166
5420
705.1819382836645
623.2840088394958
5421
706.9114048713309
642.3081413038254
5422
713.8292712219961
666.5206735311542
5423
722.476604160328
685.544805995484
5424
729.3944705109932
704.5689384598138
5425
732.8534036863259
732.2404038624752
5426
736.3123368616587
754.7234695021377
5427
743.2302032123239
768.5592022034684
5428
746.6891363876566
799.6896007814626
5429
751.8775361506557
820.4431998334587
5430
753.6070027383221
844.6557320607874
5431
760.5248690889873
870.5977308757825
5432
757.0659359136548
891.3513299277786
5433
755.3364693259884
924.2111950934391
5434
750.1480695629893
951.8826604961006
5435
743.2302032123239
988.2014588370937
5436
741.5007366246577
1021.0613240027542
5437
734.5828702739923
1053.9211891684147
0