5426
795.1142008423142
268.7433583678958
5427
791.6552676669814
292.95589059522456
5428
791.6552676669814
318.8978894102197
5429
786.4668679039826
341.3809550498821
5430
789.9258010793153
365.5934872772109
5431
788.1963344916489
398.4533524428714
5432
791.6552676669814
422.66588467020017
5433
791.6552676669814
457.2552164235269
5434
793.3847342546478
479.73828206318944
5435
796.8436674299805
512.5981472288499
5436
788.1963344916489
548.916945569843
5437
791.6552676669814
583.5062773231699
5438
789.9258010793153
618.0956090764967
5439
788.1963344916489
659.6028071804889
5440
784.7374013163162
695.9216055214821
5441
781.2784681409835
739.1582702131407
5442
781.2784681409835
784.1244014924655
5443
779.5490015533171
825.6315995964576
5444
776.0900683779844
868.8682642881163
5445
777.8195349656507
920.7522619181065
5446
783.0079347286498
967.4478597850976
5447
776.0900683779844
1017.6023908274216
5448
779.5490015533171
1062.5685221067465
0