5450
1585.696937390967
541.2096336499322
5451
1552.6205662401717
548.916945569843
5452
1511.1133681361794
559.2937450958411
5453
1474.7945697951864
564.4821448588401
5454
1447.1231043925247
573.1294777971718
5455
1412.5337726391979
583.5062773231699
5456
1381.4033740612037
590.4241436738353
5457
1343.3551091325444
593.8830768491679
5458
1310.495243966884
605.9893429628323
5459
1279.3648453888898
609.448276138165
5460
1244.775513635563
612.9072093134977
5461
1208.4567152945697
618.0956090764967
5462
1172.1379169535767
619.825075664163
5463
1135.8191186125835
621.5545422518294
5464
1102.959253446923
626.7429420148284
5465
1078.746721219594
644.0376078914918
5466
1047.6163226416
654.4144074174899
5467
1019.9448572389385
675.1680064694859
5468
990.5439252486108
689.0037391708167
5469
971.519792784281
699.3805386968147
5470
938.6599276186205
727.0520040994762
5471
916.1768619789582
747.8056031514723
5472
900.6116626899611
780.6654683171328
5473
872.9401972872995
813.5253334827933
5474
846.9981984723045
848.1146652361201
5475
826.2445994203083
877.5155972264479
5476
814.138333306644
913.8343955674411
5477
800.3026006053133
953.612127083767
5478
783.0079347286498
1002.0371915384245
5479
772.6311352026519
1052.1917225807483
1