5457
976.7081925472801
1036.6265232917513
5458
981.896592310279
1010.6845244767562
5459
978.4376591349464
988.2014588370937
5460
980.1671257226128
960.5299934344323
5461
978.4376591349464
931.1290614441045
5462
980.1671257226128
910.3754623921084
5463
981.896592310279
894.8102631031113
5464
981.896592310279
877.5155972264479
5465
983.6260588979453
861.9503979374508
5466
987.084992073278
844.6557320607874
5467
995.7323250116099
829.0905327717903
5468
1004.3796579499415
804.8780005444617
5469
1016.4859240636058
787.5833346677982
5470
1021.6743238266049
773.7476019664674
5471
1026.862723589604
759.9118692651367
5472
1032.0511233526029
746.0761365638059
5473
1038.9689897032683
727.0520040994762
5474
1047.6163226416
709.7573382228128
5475
1049.3457892292663
689.0037391708167
5476
1049.3457892292663
687.2742725831504
5477
1054.5341889922654
675.1680064694859
5478
1052.804722404599
659.6028071804889
5479
1052.804722404599
638.8492081284928
5480
1051.0752558169327
633.6608083654938
5481
1047.6163226416
623.2840088394958
5482
1049.3457892292663
609.448276138165
5483
1047.6163226416
592.1536102615016
5484
1047.6163226416
581.7768107355035
5485
1045.8868560539336
573.1294777971718
5486
1044.1573894662674
561.0232116835075
5487
1038.9689897032683
545.4580123945104
5488
1037.239523115602
535.0812128685124
5489
1037.239523115602
528.163346517847
5490
1035.5100565279356
521.2454801671817
5491
1030.3216567649365
509.1392140535172
5492
1025.1332570019376
502.22134770285186
5493
1026.862723589604
486.6561484138548
5494
1025.1332570019376
476.2793488878567
5495
1019.9448572389385
465.90254936185863
5496
1014.7564574759394
452.06681666052793
5497
1007.8385911252742
436.50161737153087
5498
1009.5680577129406
427.85428443319915
5499
1006.1091245376078
424.39535125786654
5500
1002.6501913622751
410.5596185565357
5501
995.7323250116099
398.4533524428714
5502
992.2733918362771
398.4533524428714
5503
983.6260588979453
384.6176197415406
5504
981.896592310279
372.51135362787625
5505
969.7903261966146
369.0524204525435
5506
969.7903261966146
356.9461543388792
5507
957.6840600829503
350.02828798821383
5508
943.8483273816196
348.29882140054747
5509
943.8483273816196
327.5452223485514
5510
938.6599276186205
318.8978894102197
5511
936.9304610309541
311.98002305955436
5512
930.0125946802889
306.79162329655526
5513
919.6357951542907
292.95589059522456
5514
916.1768619789582
272.2022915432284
5515
912.7179288036255
268.7433583678958
5516
914.4473953912918
256.63709225423133
0