5521
793.3847342546478
261.82549201723043
5522
786.4668679039826
286.0380242445592
5523
786.4668679039826
313.7094896472206
5524
777.8195349656507
339.65148846221575
5525
777.8195349656507
367.32295386487726
5526
776.0900683779844
396.723885855205
5527
770.9016686149855
426.1248178455328
5528
769.1722020273191
453.7962832481943
5529
767.4427354396528
490.1150815891874
5530
765.7132688519864
519.5160135795153
5531
769.1722020273191
555.8348119205084
5532
770.9016686149855
585.2357439108363
5533
769.1722020273191
623.2840088394958
5534
772.6311352026519
666.5206735311542
5535
770.9016686149855
708.0278716351464
5536
772.6311352026519
756.4529360898041
5537
774.360601790318
797.9601341937962
5538
776.0900683779844
844.6557320607874
5539
772.6311352026519
898.269196278444
5540
770.9016686149855
943.2353275577689
5541
767.4427354396528
993.3898586000928
5542
763.98380226432
1038.3559898794176
0