5630
733.6596134735976
269.7312990439639
5631
734.5828702739923
294.6853571828909
5632
732.8534036863259
317.16842282255334
5633
731.1239370986596
336.19255528688313
5634
727.6650039233268
355.2166877512128
5635
725.9355373356607
365.5934872772109
5636
725.9355373356607
391.53548609220604
5637
725.9355373356607
415.7480183195348
5638
727.6650039233268
426.1248178455328
5639
725.9355373356607
450.33735007286157
5640
727.6650039233268
458.9846830111933
5641
720.7471375726616
483.19721523852206
5642
719.0176709849952
507.40974746585084
5643
713.8292712219961
528.163346517847
5644
703.4524716959982
548.916945569843
5645
698.2640719329991
567.9410780341728
5646
693.0756721700002
590.4241436738353
5647
689.6167389946675
605.9893429628323
5648
687.8872724070011
631.9313417778275
5649
682.698872644002
661.3322737681552
5650
686.1578058193347
689.0037391708167
5651
689.6167389946675
716.6752045734781
5652
699.9935385206654
746.0761365638059
5653
705.1819382836645
763.3708024404693
5654
717.2882043973289
799.6896007814626
5655
729.3944705109932
837.737865710122
5656
741.5007366246577
877.5155972264479
5657
757.0659359136548
919.0227953304401
5658
774.360601790318
957.0710602590996
5659
791.6552676669814
993.3898586000928
5660
810.6794001313112
1033.1675901164185
0