5651
879.858063637965
1036.6265232917513
5652
886.7759299886302
993.3898586000928
5653
893.6937963392957
939.7763943824361
5654
897.1527295146284
893.080796515445
5655
902.3411292776273
863.6798645251172
5656
895.423262926962
810.0664003074605
5657
891.9643297516293
772.0181353788012
5658
897.1527295146284
733.9698704501416
5659
890.2348631639629
694.1921389338157
5660
890.2348631639629
657.8733405928226
5661
888.5053965762966
614.636675901164
5662
888.5053965762966
585.2357439108363
5663
893.6937963392957
554.105345332842
5664
895.423262926962
519.5160135795153
5665
898.8821961022948
490.1150815891874
5666
900.6116626899611
457.2552164235269
5667
900.6116626899611
422.66588467020017
5668
904.0705958652936
400.18281903053776
5669
904.0705958652936
372.51135362787625
5670
904.0705958652936
344.83988822521474
5671
905.80006245296
322.3568225855523
5672
902.3411292776273
303.33269012122264
5673
907.5295290406264
279.12015789389386
5674
909.2589956282927
256.63709225423133
0