5223
805.4910003683124
268.7433583678958
5224
803.761533780646
287.7674908322256
5225
805.4910003683124
322.3568225855523
5226
805.4910003683124
346.5693548128811
5227
805.4910003683124
369.0524204525435
5228
807.2204669559785
393.2649526798723
5229
810.6794001313112
426.1248178455328
5230
815.8677998943103
445.1489503098626
5231
819.3267330696431
479.73828206318944
5232
821.0561996573094
510.8686806411836
5233
826.2445994203083
543.7285458068441
5234
829.703532595641
566.2116114465065
5235
841.8097987093054
607.7188095504987
5236
864.2928643489679
642.3081413038254
5237
890.2348631639629
675.1680064694859
5238
900.6116626899611
716.6752045734781
5239
917.9063285666243
758.1824026774703
5240
924.8241949172898
789.3128012554645
5241
931.7420612679553
844.6557320607874
5242
936.9304610309541
884.4334635771133
5243
933.4715278556216
934.5879946194372
5244
924.8241949172898
983.0130590740947
5245
905.80006245296
1029.708656941086
0