1160
787.7902664345963
1068.5312338618671
1161
785.7245854292983
1047.8744238088861
1162
781.5932234187019
1029.2832947612033
1163
779.5275424134038
1014.8235277241167
1164
775.3961804028077
998.298079681732
1165
775.3961804028077
983.8383126446454
1166
773.3304993975096
967.3128646022607
1167
771.2648183922115
952.853097565174
1168
771.2648183922115
940.4590115333855
1169
769.1991373869134
930.130606506895
1170
765.0677753763173
919.8022014804046
1171
763.0020943710192
909.4737964539141
1172
758.8707323604231
897.0797104221256
1173
752.6736893445288
884.6856243903371
1174
742.3452843180382
872.2915383585486
1175
727.8855172809517
861.9631333320581
1176
713.425750243865
849.5690473002696
1177
694.8346211961823
839.240642273779
1178
672.1121301379033
830.9779182525867
1179
649.3896390796242
824.7808752366925
1180
626.6671480213454
822.7151942313944
1181
601.8789759577683
820.6495132260964
1182
572.959441883595
816.5181512155001
1183
550.2369508253162
816.5181512155001
1184
523.3830977564407
812.386789204904
1185
496.5292446875657
810.3211081996059
1186
469.6753916186905
804.1240651837115
1187
451.08426257100774
808.2554271943077
1188
418.0333664862383
802.0583841784135
1189
393.2451944226613
799.9927031731154
1190
364.32566034848804
799.9927031731154
1191
339.5374882849109
797.9270221678173
1192
312.68363521603584
797.9270221678173
1193
283.76410114186257
797.9270221678173
1194
254.8445670676893
797.9270221678173
1195
223.85935198821795
797.9270221678173
1196
192.8741369087466
797.9270221678173
1197
159.8232408239772
797.9270221678173
1198
132.9693877551021
797.9270221678173
1199
101.98417267563076
799.9927031731154
1200
73.06463860145749
802.0583841784135
1