5686
770.9016686149855
256.63709225423133
5687
772.6311352026519
286.0380242445592
5688
770.9016686149855
311.98002305955436
5689
770.9016686149855
339.65148846221575
5690
769.1722020273191
367.32295386487726
5691
772.6311352026519
391.53548609220604
5692
770.9016686149855
419.20695149486744
5693
770.9016686149855
452.06681666052793
5694
769.1722020273191
478.0088154755231
5695
769.1722020273191
509.1392140535172
5696
760.5248690889873
547.1874789821767
5697
763.98380226432
583.5062773231699
5698
755.3364693259884
607.7188095504987
5699
758.795402501321
650.9554742421572
5700
757.0659359136548
695.9216055214821
5701
757.0659359136548
737.4288036254743
5702
769.1722020273191
782.3949349047991
5703
777.8195349656507
827.361066184124
5704
788.1963344916489
874.0566640511151
5705
805.4910003683124
917.2933287427738
5706
819.3267330696431
970.9067929604303
5707
840.080332121639
1024.520257178087
0