5689
992.2733918362771
1071.2158550450781
5690
988.8144586609444
1047.0033228177494
5691
990.5439252486108
1014.1434576520888
5692
985.3555254856117
970.9067929604303
5693
985.3555254856117
936.3174612071035
5694
983.6260588979453
898.269196278444
5695
983.6260588979453
877.5155972264479
5696
987.084992073278
839.4673322977884
5697
994.0028584239435
810.0664003074605
5698
994.0028584239435
782.3949349047991
5699
997.4617915992762
754.7234695021377
5700
1000.9207247746087
725.3225375118099
5701
1002.6501913622751
689.0037391708167
5702
1007.8385911252742
668.2501401188206
5703
1013.0269908882733
638.8492081284928
5704
1014.7564574759394
611.1777427258313
5705
1011.2975243006069
593.8830768491679
5706
1014.7564574759394
559.2937450958411
5707
1011.2975243006069
529.8928131055133
5708
1009.5680577129406
509.1392140535172
5709
1004.3796579499415
490.1150815891874
5710
1002.6501913622751
474.54988230019035
5711
1000.9207247746087
443.4194837221962
5712
997.4617915992762
427.85428443319915
5713
988.8144586609444
410.5596185565357
5714
992.2733918362771
393.2649526798723
5715
990.5439252486108
375.970286803209
5716
988.8144586609444
355.2166877512128
5717
983.6260588979453
341.3809550498821
5718
980.1671257226128
322.3568225855523
5719
978.4376591349464
303.33269012122264
5720
971.519792784281
294.6853571828909
5721
962.8724598459494
277.3906913062275
5722
957.6840600829503
260.09602542956407
0