5695
902.3411292776273
1060.8390555190801
5696
905.80006245296
1026.2497237657533
5697
902.3411292776273
972.6362595480966
5698
902.3411292776273
932.8585280317709
5699
900.6116626899611
891.3513299277786
5700
898.8821961022948
846.3851986484538
5701
904.0705958652936
811.7958668951269
5702
905.80006245296
778.9360017294664
5703
907.5295290406264
730.5109372748088
5704
907.5295290406264
689.0037391708167
5705
905.80006245296
661.3322737681552
5706
905.80006245296
633.6608083654938
5707
912.7179288036255
599.071476612167
5708
902.3411292776273
561.0232116835075
5709
916.1768619789582
540.2696126315113
5710
919.6357951542907
509.1392140535172
5711
914.4473953912918
474.54988230019035
5712
917.9063285666243
450.33735007286157
5713
909.2589956282927
424.39535125786654
5714
916.1768619789582
394.99441926753866
5715
912.7179288036255
370.7818870402099
5716
909.2589956282927
351.7577545758802
5717
907.5295290406264
331.00415552388404
5718
909.2589956282927
310.250556471888
5719
905.80006245296
287.7674908322256
5720
900.6116626899611
265.28442519256305
5721
904.0705958652936
253.17815907889872
0