5732
122.35169824010762
858.4914647621181
5733
165.58836293176608
855.0325315867855
5734
193.2598283344276
855.0325315867855
5735
229.5786266754207
851.5735984114528
5736
255.52062549041585
855.0325315867855
5737
291.83942383140896
849.8441318237865
5738
328.1582221724022
849.8441318237865
5739
367.93595368872803
846.3851986484538
5740
392.1484859160568
841.1967988854548
5741
428.4672842570499
837.737865710122
5742
450.95034989671245
829.0905327717903
5743
488.99861482537193
818.7137332457924
5744
528.7763463416977
816.984266658126
5745
559.9067449196918
801.4190673691289
5746
587.5782103223532
787.5833346677982
5747
618.7086089003474
782.3949349047991
5748
658.4863404166733
775.4770685541338
5749
687.8872724070011
758.1824026774703
5750
719.0176709849952
746.0761365638059
5751
751.8775361506557
735.6993370378079
5752
789.9258010793153
720.1341377488109
5753
822.7856662449756
695.9216055214821
5754
845.2687318846381
680.356406232485
5755
874.6696638749659
656.1438740051562
5756
897.1527295146284
626.7429420148284
5757
917.9063285666243
599.071476612167
5758
926.5536615049562
567.9410780341728
5759
933.4715278556216
543.7285458068441
5760
940.3893942062869
514.3276138165162
5761
931.7420612679553
486.6561484138548
5762
938.6599276186205
460.71414959885965
5763
936.9304610309541
439.9605505468636
5764
938.6599276186205
412.2890851442021
5765
947.3072605569523
389.8060195045397
5766
942.1188607939532
377.69975339087523
5767
942.1188607939532
343.1104216375485
5768
940.3893942062869
317.16842282255334
5769
945.577793969286
298.14429035822354
5770
940.3893942062869
277.3906913062275
5771
938.6599276186205
256.63709225423133
1