5742
87.76236648678076
806.6074671321279
5743
125.81063141544024
801.4190673691289
5744
165.58836293176608
801.4190673691289
5745
208.82502762342466
794.5012010184635
5746
257.2500920780822
787.5833346677982
5747
312.5930228834051
777.2065351418
5748
350.6412878120646
770.2886687911348
5749
390.41901932839045
765.1002690281357
5750
419.8199513187182
759.9118692651367
5751
449.2208833090461
747.8056031514723
5752
483.81021506237283
739.1582702131407
5753
514.940613640367
727.0520040994762
5754
547.8004788060275
711.4868048104792
5755
578.9308773840216
701.1100052844811
5756
604.8728761990167
687.2742725831504
5757
642.9211411276763
671.7090732941533
5758
674.0515397056704
652.6849408298235
5759
699.9935385206654
635.3902749531601
5760
731.1239370986596
628.4724086024947
5761
746.6891363876566
619.825075664163
5762
776.0900683779844
597.3420100245006
5763
796.8436674299805
580.0473441478372
5764
819.3267330696431
554.105345332842
5765
841.8097987093054
543.7285458068441
5766
857.3749979983024
529.8928131055133
5767
872.9401972872995
498.7624145275191
5768
885.0464634009641
481.4677486508557
5769
900.6116626899611
460.71414959885965
5770
905.80006245296
439.9605505468636
5771
912.7179288036255
414.01855173186846
5772
914.4473953912918
391.53548609220604
5773
916.1768619789582
367.32295386487726
5774
912.7179288036255
344.83988822521474
5775
914.4473953912918
322.3568225855523
5776
912.7179288036255
298.14429035822354
5777
914.4473953912918
284.30855765689284
5778
909.2589956282927
260.09602542956407
1