5765
706.9114048713309
280.8496244815601
5766
708.6408714589973
299.8737569458899
5767
703.4524716959982
329.2746889362177
5768
705.1819382836645
350.02828798821383
5769
701.7230051083318
372.51135362787625
5770
705.1819382836645
403.6417522058704
5771
703.4524716959982
431.3132176085319
5772
701.7230051083318
455.52574983586067
5773
712.0998046343298
488.38561500152116
5774
712.0998046343298
516.0570804041826
5775
712.0998046343298
554.105345332842
5776
715.5587378096625
581.7768107355035
5777
720.7471375726616
616.3661424888304
5778
725.9355373356607
647.4965410668245
5779
727.6650039233268
687.2742725831504
5780
736.3123368616587
721.8636043364772
5781
739.7712700369914
765.1002690281357
5782
741.5007366246577
803.1485339567953
5783
750.1480695629893
846.3851986484538
5784
760.5248690889873
893.080796515445
5785
763.98380226432
944.9647941454352
5786
772.6311352026519
986.4719922494274
5787
777.8195349656507
1031.4381235287524
0