5798
1585.4804314058322
516.0570804041826
5799
1542.2437667141735
514.3276138165162
5800
1499.007102022515
512.5981472288499
5801
1454.0409707431902
505.6802808781845
5802
1412.5337726391979
488.38561500152116
5803
1377.9444408858712
486.6561484138548
5804
1331.24884301888
476.2793488878567
5805
1296.6595112655532
469.36148253719136
5806
1265.529112687559
462.443616186526
5807
1218.8335148205679
452.06681666052793
5808
1196.3504491809053
443.4194837221962
5809
1161.7611174275785
431.3132176085319
5810
1134.089652024917
422.66588467020017
5811
1106.4181866222557
407.1006853812031
5812
1078.746721219594
394.99441926753866
5813
1056.2636555799318
374.2408202155426
5814
1035.5100565279356
353.48722116354645
5815
1009.5680577129406
341.3809550498821
5816
1004.3796579499415
331.00415552388404
5817
990.5439252486108
310.250556471888
5818
974.9787259596137
286.0380242445592
5819
961.142993258283
277.3906913062275
5820
955.9545934952839
260.09602542956407
5821
950.7661937322848
253.17815907889872
2