5852
770.9016686149855
272.2022915432284
5853
769.1722020273191
284.30855765689284
5854
769.1722020273191
301.6032235335563
5855
770.9016686149855
324.0862891732187
5856
770.9016686149855
337.9220218745494
5857
769.1722020273191
353.48722116354645
5858
769.1722020273191
372.51135362787625
5859
772.6311352026519
393.2649526798723
5860
776.0900683779844
405.37121879353674
5861
772.6311352026519
427.85428443319915
5862
779.5490015533171
443.4194837221962
5863
781.2784681409835
458.9846830111933
5864
795.1142008423142
471.09094912485773
5865
800.3026006053133
490.1150815891874
5866
812.4088667189776
517.7865469918489
5867
826.2445994203083
522.9749467548479
5868
846.9981984723045
540.2696126315113
5869
869.481264111967
552.3758787451758
5870
891.9643297516293
566.2116114465065
5871
919.6357951542907
578.3178775601708
5872
943.8483273816196
590.4241436738353
5873
987.084992073278
609.448276138165
5874
1013.0269908882733
619.825075664163
5875
1059.7225887552645
630.2018751901611
5876
1101.2297868592566
635.3902749531601
5877
1149.6548513139142
635.3902749531601
5878
1196.3504491809053
640.5786747161592
5879
1255.1523131615609
642.3081413038254
5880
1294.9300446778868
644.0376078914918
5881
1341.625642544878
642.3081413038254
5882
1391.780173587202
644.0376078914918
5883
1438.4757714541931
649.2260076544909
5884
1483.441902733518
649.2260076544909
5885
1531.8669671881755
644.0376078914918
5886
1587.2098979934983
647.4965410668245
1