5866
796.8436674299805
253.17815907889872
5867
789.9258010793153
275.66122471856113
5868
786.4668679039826
296.4148237705572
5869
781.2784681409835
322.3568225855523
5870
781.2784681409835
336.19255528688313
5871
779.5490015533171
350.02828798821383
5872
777.8195349656507
363.86402068954453
5873
781.2784681409835
382.8881531538743
5874
779.5490015533171
401.912285618204
5875
781.2784681409835
433.04268419619814
5876
784.7374013163162
450.33735007286157
5877
788.1963344916489
476.2793488878567
5878
788.1963344916489
502.22134770285186
5879
798.5731340176469
521.2454801671817
5880
810.6794001313112
547.1874789821767
5881
812.4088667189776
571.4000112095055
5882
821.0561996573094
597.3420100245006
5883
831.4329991833074
637.1197415408265
5884
841.8097987093054
664.791206943488
5885
845.2687318846381
676.8974730571523
5886
857.3749979983024
730.5109372748088
5887
866.0223309366343
758.1824026774703
5888
879.858063637965
796.2306676061298
5889
886.7759299886302
836.0083991224558
5890
893.6937963392957
872.3271974634489
5891
905.80006245296
920.7522619181065
5892
910.9884622159591
962.2594600220987
5893
923.0947283296234
1017.6023908274216
5894
931.7420612679553
1059.1095889314138
0