5869
1594.1277643441638
524.7044133425143
5870
1554.350032827838
519.5160135795153
5871
1518.0312344868448
516.0570804041826
5872
1471.3356366198536
509.1392140535172
5873
1424.6400387528624
505.6802808781845
5874
1384.8623072365365
498.7624145275191
5875
1353.7319086585424
490.1150815891874
5876
1317.4131103175491
488.38561500152116
5877
1282.8237785642225
479.73828206318944
5878
1246.5049802232293
465.90254936185863
5879
1217.1040482329015
457.2552164235269
5880
1187.7031162425737
448.6078834851953
5881
1158.3021842522458
438.23108395919724
5882
1135.8191186125835
427.85428443319915
5883
1111.6065863852546
412.2890851442021
5884
1089.1235207455923
403.6417522058704
5885
1071.8288548689288
388.0765529168733
5886
1054.5341889922654
374.2408202155426
5887
1042.427922878601
363.86402068954453
5888
1026.862723589604
346.5693548128811
5889
1011.2975243006069
336.19255528688313
5890
1000.9207247746087
313.7094896472206
5891
988.8144586609444
299.8737569458899
5892
978.4376591349464
282.5790910692265
5893
971.519792784281
270.47282495556215
5894
959.4135266706166
260.09602542956407
1