1161
738.2139223074421
287.70381385918915
1162
736.148241302144
308.36062391217
1163
732.0168792915479
333.14879597574713
1164
727.8855172809517
353.805606028728
1165
723.7541552703556
374.46241608170897
1166
719.6227932597594
397.1849071399879
1167
715.491431249163
417.8417171929689
1168
711.3600692385669
440.5642082512478
1169
711.3600692385669
463.28669930952674
1170
711.3600692385669
479.81214735191156
1171
715.491431249163
498.40327639959435
1172
713.425750243865
521.1257674578733
1173
711.3600692385669
537.651215500258
1174
709.2943882332688
556.2423445479408
1175
707.2287072279707
574.8334735956237
1176
707.2287072279707
591.3589216380084
1177
707.2287072279707
609.9500506856912
1178
709.2943882332688
624.4098177227778
1179
711.3600692385669
640.9352657651625
1180
715.491431249163
657.4607138075472
1181
717.5571122544613
669.8547998393358
1182
723.7541552703556
686.3802478817205
1183
729.9511982862498
702.9056959241052
1184
734.0825602968459
715.2997819558938
1185
736.148241302144
727.6938679876823
1186
742.3452843180382
742.1536350247688
1187
744.4109653233363
756.6134020618556
1188
744.4109653233363
769.007488093644
1189
740.2796033127402
781.4015741254326
1190
736.148241302144
793.7956601572212
1191
729.9511982862498
806.1897461890096
1192
725.8198362756536
818.5838322207983
1193
719.6227932597594
830.9779182525867
1194
713.425750243865
843.3720042843753
1195
711.3600692385669
855.7660903161639
1196
711.3600692385669
868.1601763479523
1197
713.425750243865
882.619943385039
1198
713.425750243865
892.9483484115294
1199
717.5571122544613
901.2110724327217
1200
719.6227932597594
913.6051584645104
1201
725.8198362756536
921.8678824857027
1202
725.8198362756536
932.1962875121931
1203
725.8198362756536
942.5246925386837
1204
725.8198362756536
954.9187785704721
1205
723.7541552703556
965.2471835969625
1206
721.6884742650575
975.5755886234531
1207
719.6227932597594
983.8383126446454
1208
715.491431249163
992.1010366658377
1209
715.491431249163
1002.4294416923282
1210
713.425750243865
1012.7578467188187
1211
715.491431249163
1023.086251745309
1212
717.5571122544613
1033.4146567717994
1213
719.6227932597594
1045.808742803588
1214
725.8198362756536
1060.2685098406746
0