5233
748.418602975323
251.44869249123235
5234
743.2302032123239
267.0138917802294
5235
739.7712700369914
286.0380242445592
5236
734.5828702739923
303.33269012122264
5237
734.5828702739923
322.3568225855523
5238
732.8534036863259
343.1104216375485
5239
734.5828702739923
362.13455410187817
5240
734.5828702739923
377.69975339087523
5241
743.2302032123239
396.723885855205
5242
739.7712700369914
415.7480183195348
5243
748.418602975323
441.69001713452985
5244
762.2543356766537
455.52574983586067
5245
772.6311352026519
465.90254936185863
5246
783.0079347286498
484.9266818261884
5247
798.5731340176469
498.7624145275191
5248
812.4088667189776
509.1392140535172
5249
834.8919323586401
519.5160135795153
5250
852.1865982353036
521.2454801671817
5251
857.3749979983024
526.4338799301806
5252
881.5875302256313
531.6222796931796
5253
886.7759299886302
529.8928131055133
5254
891.9643297516293
536.8106794561787
5255
904.0705958652936
550.6464121575094
5256
919.6357951542907
557.5642785081748
5257
928.2831280926225
557.5642785081748
5258
947.3072605569523
571.4000112095055
5259
968.0608596089482
573.1294777971718
5260
997.4617915992762
574.8589443848382
5261
1019.9448572389385
583.5062773231699
5262
1056.2636555799318
583.5062773231699
5263
1089.1235207455923
585.2357439108363
5264
1118.52445273592
586.9652104985025
5265
1153.1137844892469
592.1536102615016
5266
1187.7031162425737
593.8830768491679
5267
1227.4808477588995
595.6125434368342
5268
1267.2585792752254
592.1536102615016
5269
1312.2247105545503
599.071476612167
5270
1355.4613752462087
602.5304097874996
5271
1398.6980399378672
607.7188095504987
5272
1443.6641712171922
607.7188095504987
5273
1490.3597690841834
609.448276138165
5274
1545.7026998895062
609.448276138165
5275
1588.939364581165
607.7188095504987
1