5905
767.4427354396528
256.63709225423133
5906
769.1722020273191
272.2022915432284
5907
774.360601790318
292.95589059522456
5908
772.6311352026519
306.79162329655526
5909
776.0900683779844
337.9220218745494
5910
776.0900683779844
348.29882140054747
5911
783.0079347286498
363.86402068954453
5912
784.7374013163162
389.8060195045397
5913
779.5490015533171
410.5596185565357
5914
781.2784681409835
429.5837510208655
5915
784.7374013163162
453.7962832481943
5916
788.1963344916489
471.09094912485773
5917
793.3847342546478
483.19721523852206
5918
798.5731340176469
503.9508142905182
5919
810.6794001313112
533.351746280846
5920
815.8677998943103
555.8348119205084
5921
826.2445994203083
578.3178775601708
5922
833.1624657709738
593.8830768491679
5923
831.4329991833074
614.636675901164
5924
841.8097987093054
650.9554742421572
5925
852.1865982353036
673.4385398818197
5926
867.7517975243006
695.9216055214821
5927
881.5875302256313
721.8636043364772
5928
893.6937963392957
751.264536326805
5929
909.2589956282927
770.2886687911348
5930
923.0947283296234
803.1485339567953
5931
936.9304610309541
829.0905327717903
5932
945.577793969286
863.6798645251172
5933
961.142993258283
891.3513299277786
5934
971.519792784281
924.2111950934391
5935
985.3555254856117
955.3415936714332
5936
990.5439252486108
1003.7666581260908
5937
997.4617915992762
1031.4381235287524
5938
1006.1091245376078
1060.8390555190801
0