5912
1583.7509648181658
550.6464121575094
5913
1561.2678991785033
550.6464121575094
5914
1531.8669671881755
555.8348119205084
5915
1505.9249683731805
561.0232116835075
5916
1481.7124361458516
559.2937450958411
5917
1460.9588370938554
566.2116114465065
5918
1435.0168382788604
567.9410780341728
5919
1415.9927058145306
569.6705446218391
5920
1395.2391067625347
571.4000112095055
5921
1372.7560411228721
580.0473441478372
5922
1350.2729754832096
583.5062773231699
5923
1331.24884301888
585.2357439108363
5924
1315.683643729883
592.1536102615016
5925
1300.118444440886
593.8830768491679
5926
1286.282711739555
600.8009431998333
5927
1262.0701795122263
604.259876375166
5928
1246.5049802232293
605.9893429628323
5929
1234.398714109565
611.1777427258313
5930
1220.5629814082342
609.448276138165
5931
1199.809382356238
618.0956090764967
5932
1187.7031162425737
621.5545422518294
5933
1168.678983778244
628.4724086024947
5934
1156.5727176645796
628.4724086024947
5935
1144.466451550915
635.3902749531601
5936
1130.6307188495844
649.2260076544909
5937
1118.52445273592
656.1438740051562
5938
1109.8771197975882
657.8733405928226
5939
1094.3119205085911
668.2501401188206
5940
1090.8529873332586
669.979606706487
5941
1075.2877880442616
675.1680064694859
5942
1064.9109885182634
682.0858728201514
5943
1056.2636555799318
682.0858728201514
5944
1044.1573894662674
689.0037391708167
5945
1038.9689897032683
692.4626723461494
5946
1026.862723589604
694.1921389338157
5947
1019.9448572389385
702.8394718721474
5948
1014.7564574759394
708.0278716351464
5949
1004.3796579499415
695.9216055214821
5950
1002.6501913622751
704.5689384598138
5951
994.0028584239435
708.0278716351464
5952
987.084992073278
711.4868048104792
5953
988.8144586609444
713.2162713981455
5954
978.4376591349464
701.1100052844811
5955
968.0608596089482
706.2984050474802
5956
957.6840600829503
709.7573382228128
5957
945.577793969286
713.2162713981455
5958
933.4715278556216
708.0278716351464
5959
912.7179288036255
701.1100052844811
5960
897.1527295146284
699.3805386968147
5961
879.858063637965
697.6510721091485
5962
859.1044645859688
695.9216055214821
5963
841.8097987093054
695.9216055214821
5964
821.0561996573094
694.1921389338157
5965
796.8436674299805
694.1921389338157
5966
770.9016686149855
701.1100052844811
5967
738.041803449325
701.1100052844811
5968
708.6408714589973
708.0278716351464
5969
677.5104728810031
704.5689384598138
5970
663.6747401796722
711.4868048104792
5971
639.4622079523435
718.4046711611445
5972
596.2255432606851
716.6752045734781
5973
563.3656780950246
725.3225375118099
5974
530.5058129293641
730.5109372748088
5975
502.83434752670263
730.5109372748088
5976
482.0807484747066
740.8877368008069
5977
442.30301695838074
747.8056031514723
5978
405.9842186173875
749.5350697391386
5979
378.3127532147261
752.9940029144714
5980
366.20648710106167
756.4529360898041
5981
326.4287555847358
756.4529360898041
5982
309.1340897080724
754.7234695021377
5983
276.2742245424119
765.1002690281357
5984
255.52062549041585
761.641335852803
5985
233.03755985075344
758.1824026774703
5986
222.66076032475536
773.7476019664674
5987
179.4240956330969
773.7476019664674
5988
167.31782951943245
773.7476019664674
5989
143.10529729210367
775.4770685541338
5990
118.89276506477489
777.2065351418
5991
108.51596553877681
775.4770685541338
5992
84.30343331144803
770.2886687911348
5993
54.90250132112027
770.2886687911348
5994
37.607835444456896
768.5592022034684
0