5914
1582.0214982304994
590.4241436738353
5915
1554.350032827838
602.5304097874996
5916
1526.6785674251764
597.3420100245006
5917
1486.9008359088507
609.448276138165
5918
1459.2293705061893
612.9072093134977
5919
1429.8284385158613
618.0956090764967
5920
1395.2391067625347
625.0134754271621
5921
1369.2971079475394
630.2018751901611
5922
1343.3551091325444
633.6608083654938
5923
1317.4131103175491
640.5786747161592
5924
1284.5532451518889
647.4965410668245
5925
1258.6112463368936
654.4144074174899
5926
1230.9397809342322
656.1438740051562
5927
1201.5388489439044
657.8733405928226
5928
1180.7852498919083
663.0617403558216
5929
1154.8432510769132
671.7090732941533
5930
1130.6307188495844
689.0037391708167
5931
1116.7949861482537
690.733205758483
5932
1090.8529873332586
706.2984050474802
5933
1071.8288548689288
723.5930709241436
5934
1059.7225887552645
737.4288036254743
5935
1040.6984562909347
749.5350697391386
5936
1021.6743238266049
761.641335852803
5937
1019.9448572389385
773.7476019664674
5938
1011.2975243006069
794.5012010184635
5939
987.084992073278
815.2548000704596
5940
976.7081925472801
830.8199993594567
5941
964.6019264336157
851.5735984114528
5942
955.9545934952839
874.0566640511151
5943
945.577793969286
891.3513299277786
5944
935.2009944432878
917.2933287427738
5945
930.0125946802889
934.5879946194372
5946
926.5536615049562
957.0710602590996
5947
921.365261741957
981.2835924864283
5948
916.1768619789582
1015.8729242397552
5949
900.6116626899611
1045.273856230083
5950
897.1527295146284
1062.5685221067465
1