5941
117.16329847710853
836.0083991224558
5942
146.5642304674364
841.1967988854548
5943
167.31782951943245
841.1967988854548
5944
205.36609444809193
837.737865710122
5945
231.30809326308707
832.549465947123
5946
269.35635819174655
832.549465947123
5947
297.02782359440806
825.6315995964576
5948
331.6171553477348
811.7958668951269
5949
362.74755392572905
816.984266658126
5950
395.60741909138943
815.2548000704596
5951
425.0083510817173
810.0664003074605
5952
461.3271494227104
808.3369337197943
5953
492.45754800070455
801.4190673691289
5954
520.1290134033661
797.9601341937962
5955
558.1772783320255
792.7717344307972
5956
591.037143497686
789.3128012554645
5957
620.4380754880137
777.2065351418
5958
656.756873829007
778.9360017294664
5959
694.8051387576663
778.9360017294664
5960
727.6650039233268
765.1002690281357
5961
757.0659359136548
765.1002690281357
5962
795.1142008423142
754.7234695021377
5963
824.5151328326419
758.1824026774703
5964
859.1044645859688
749.5350697391386
5965
891.9643297516293
740.8877368008069
5966
919.6357951542907
739.1582702131407
5967
954.2251269076176
728.7814706871425
5968
990.5439252486108
721.8636043364772
5969
1023.4037904142713
721.8636043364772
5970
1047.6163226416
711.4868048104792
5971
1089.1235207455923
699.3805386968147
5972
1109.8771197975882
689.0037391708167
5973
1153.1137844892469
689.0037391708167
5974
1192.8915160055726
676.8974730571523
5975
1234.398714109565
676.8974730571523
5976
1262.0701795122263
664.791206943488
5977
1313.9541771422166
659.6028071804889
5978
1355.4613752462087
656.1438740051562
5979
1391.780173587202
647.4965410668245
5980
1433.287371691194
645.7670744791582
5981
1469.6061700321873
638.8492081284928
5982
1509.383901548513
633.6608083654938
5983
1550.8910996525053
630.2018751901611
5984
1592.3982977564976
625.0134754271621
0