5968
774.360601790318
280.8496244815601
5969
779.5490015533171
306.79162329655526
5970
781.2784681409835
339.65148846221575
5971
777.8195349656507
377.69975339087523
5972
774.360601790318
417.4774849072011
5973
777.8195349656507
453.7962832481943
5974
776.0900683779844
490.1150815891874
5975
765.7132688519864
535.0812128685124
5976
765.7132688519864
576.5884109725046
5977
753.6070027383221
630.2018751901611
5978
748.418602975323
685.544805995484
5979
741.5007366246577
740.8877368008069
5980
739.7712700369914
792.7717344307972
5981
734.5828702739923
855.0325315867855
5982
732.8534036863259
920.7522619181065
5983
725.9355373356607
983.0130590740947
5984
717.2882043973289
1045.273856230083
0