6011
836.6213989463065
1055.650655756081
6012
848.7276650599708
984.7425256617611
6013
864.2928643489679
932.8585280317709
6014
883.3169968132977
879.2450638141142
6015
895.423262926962
836.0083991224558
6016
912.7179288036255
782.3949349047991
6017
919.6357951542907
754.7234695021377
6018
917.9063285666243
697.6510721091485
6019
928.2831280926225
661.3322737681552
6020
931.7420612679553
628.4724086024947
6021
928.2831280926225
588.6946770861689
6022
926.5536615049562
559.2937450958411
6023
924.8241949172898
531.6222796931796
6024
916.1768619789582
497.0329479398529
6025
916.1768619789582
465.90254936185863
6026
912.7179288036255
445.1489503098626
6027
905.80006245296
417.4774849072011
6028
900.6116626899611
394.99441926753866
6029
904.0705958652936
372.51135362787625
6030
898.8821961022948
350.02828798821383
6031
895.423262926962
332.7336221115504
6032
897.1527295146284
306.79162329655526
6033
897.1527295146284
287.7674908322256
6034
898.8821961022948
270.47282495556215
6035
900.6116626899611
258.3665588418977
0