6034
765.7132688519864
265.28442519256305
6035
763.98380226432
282.5790910692265
6036
762.2543356766537
296.4148237705572
6037
762.2543356766537
317.16842282255334
6038
760.5248690889873
331.00415552388404
6039
763.98380226432
343.1104216375485
6040
763.98380226432
365.5934872772109
6041
760.5248690889873
384.6176197415406
6042
757.0659359136548
394.99441926753866
6043
753.6070027383221
414.01855173186846
6044
746.6891363876566
429.5837510208655
6045
739.7712700369914
448.6078834851953
6046
738.041803449325
464.1730827741924
6047
729.3944705109932
478.0088154755231
6048
724.2060707479943
495.3034813521865
6049
715.5587378096625
509.1392140535172
6050
713.8292712219961
516.0570804041826
6051
703.4524716959982
533.351746280846
6052
701.7230051083318
557.5642785081748
6053
696.5346053453327
564.4821448588401
6054
696.5346053453327
567.9410780341728
6055
694.8051387576663
585.2357439108363
6056
693.0756721700002
593.8830768491679
6057
689.6167389946675
602.5304097874996
6058
682.698872644002
611.1777427258313
6059
679.2399394686693
618.0956090764967
6060
677.5104728810031
623.2840088394958
6061
670.5926065303377
628.4724086024947
6062
667.1336733550049
635.3902749531601
6063
667.1336733550049
631.9313417778275
6064
665.4042067673386
645.7670744791582
6065
651.5684740660079
650.9554742421572
6066
648.1095408906751
654.4144074174899
6067
642.9211411276763
652.6849408298235
6068
637.7327413646772
657.8733405928226
6069
632.5443416016781
671.7090732941533
6070
616.979142312681
673.4385398818197
6071
608.3318093743494
673.4385398818197
6072
594.4960766730187
675.1680064694859
6073
580.660343971688
682.0858728201514
6074
561.6362115073582
695.9216055214821
6075
549.5299453936939
704.5689384598138
6076
537.4236792800295
718.4046711611445
6077
520.1290134033661
730.5109372748088
6078
518.3995468156998
740.8877368008069
6079
514.940613640367
765.1002690281357
6080
514.940613640367
785.8538680801319
6081
521.8584799910325
803.1485339567953
6082
527.0468797540314
829.0905327717903
6083
532.2352795170304
839.4673322977884
6084
540.882612455362
868.8682642881163
6085
556.4478117443591
884.4334635771133
6086
575.4719442086889
903.457596041443
6087
596.2255432606851
925.9406616811054
6088
629.0854084263456
929.3995948564382
6089
663.6747401796722
953.612127083767
6090
689.6167389946675
974.365726135763
6091
715.5587378096625
993.3898586000928
6092
741.5007366246577
1017.6023908274216
6093
770.9016686149855
1050.462255993082
0