6073
743.2302032123239
256.63709225423133
6074
738.041803449325
275.66122471856113
6075
729.3944705109932
291.2264240075582
6076
729.3944705109932
306.79162329655526
6077
724.2060707479943
317.16842282255334
6078
725.9355373356607
329.2746889362177
6079
720.7471375726616
348.29882140054747
6080
722.476604160328
355.2166877512128
6081
724.2060707479943
369.0524204525435
6082
724.2060707479943
374.2408202155426
6083
725.9355373356607
384.6176197415406
6084
725.9355373356607
396.723885855205
6085
724.2060707479943
410.5596185565357
6086
722.476604160328
419.20695149486744
6087
722.476604160328
422.66588467020017
6088
713.8292712219961
438.23108395919724
6089
713.8292712219961
443.4194837221962
6090
710.3703380466636
458.9846830111933
6091
710.3703380466636
467.632015949525
6092
712.0998046343298
472.8204157125241
6093
712.0998046343298
481.4677486508557
6094
708.6408714589973
495.3034813521865
6095
719.0176709849952
510.8686806411836
6096
715.5587378096625
516.0570804041826
6097
722.476604160328
528.163346517847
6098
729.3944705109932
541.9990792191777
6099
732.8534036863259
561.0232116835075
6100
746.6891363876566
559.2937450958411
6101
757.0659359136548
571.4000112095055
6102
765.7132688519864
588.6946770861689
6103
772.6311352026519
600.8009431998333
6104
777.8195349656507
611.1777427258313
6105
789.9258010793153
631.9313417778275
6106
803.761533780646
645.7670744791582
6107
819.3267330696431
668.2501401188206
6108
824.5151328326419
687.2742725831504
6109
834.8919323586401
704.5689384598138
6110
853.9160648229699
735.6993370378079
6111
860.8339311736352
746.0761365638059
6112
872.9401972872995
773.7476019664674
6113
879.858063637965
808.3369337197943
6114
885.0464634009641
823.9021330087913
6115
890.2348631639629
851.5735984114528
6116
891.9643297516293
868.8682642881163
6117
885.0464634009641
887.892396752446
6118
876.3991304626322
915.5638621551075
6119
876.3991304626322
950.1531939084342
6120
860.8339311736352
972.6362595480966
6121
857.3749979983024
1000.3077249507581
6122
853.9160648229699
1022.7907905904206
6123
853.9160648229699
1052.1917225807483
0