6079
886.7759299886302
1047.0033228177494
6080
891.9643297516293
1036.6265232917513
6081
890.2348631639629
1014.1434576520888
6082
893.6937963392957
991.6603920124264
6083
895.423262926962
974.365726135763
6084
897.1527295146284
955.3415936714332
6085
897.1527295146284
925.9406616811054
6086
895.423262926962
905.1870626291094
6087
904.0705958652936
877.5155972264479
6088
910.9884622159591
851.5735984114528
6089
912.7179288036255
818.7137332457924
6090
914.4473953912918
789.3128012554645
6091
919.6357951542907
777.2065351418
6092
923.0947283296234
747.8056031514723
6093
926.5536615049562
725.3225375118099
6094
931.7420612679553
697.6510721091485
6095
936.9304610309541
666.5206735311542
6096
942.1188607939532
650.9554742421572
6097
945.577793969286
628.4724086024947
6098
947.3072605569523
600.8009431998333
6099
954.2251269076176
593.8830768491679
6100
955.9545934952839
574.8589443848382
6101
962.8724598459494
562.7526782711737
6102
968.0608596089482
541.9990792191777
6103
971.519792784281
533.351746280846
6104
981.896592310279
509.1392140535172
6105
985.3555254856117
498.7624145275191
6106
990.5439252486108
479.73828206318944
6107
995.7323250116099
460.71414959885965
6108
997.4617915992762
448.6078834851953
6109
992.2733918362771
431.3132176085319
6110
990.5439252486108
417.4774849072011
6111
985.3555254856117
405.37121879353674
6112
980.1671257226128
384.6176197415406
6113
981.896592310279
367.32295386487726
6114
980.1671257226128
358.67562092654555
6115
973.2492593719473
344.83988822521474
6116
966.3313930212819
327.5452223485514
6117
961.142993258283
310.250556471888
6118
959.4135266706166
296.4148237705572
6119
954.2251269076176
282.5790910692265
6120
949.0367271446187
268.7433583678958
6121
942.1188607939532
254.90762566656508
0