1181
769.1991373869134
289.7694948644872
1182
767.1334563816154
308.36062391217
1183
767.1334563816154
329.017433965151
1184
771.2648183922115
349.67424401813184
1185
773.3304993975096
370.3310540711127
1186
777.4618614081057
393.05354512939175
1187
779.5275424134038
411.64467417707453
1188
781.5932234187019
432.3014842300554
1189
777.4618614081057
455.02397528833444
1190
777.4618614081057
473.6151043360172
1191
775.3961804028077
496.3375953942963
1192
773.3304993975096
516.9944054472771
1193
769.1991373869134
537.651215500258
1194
765.0677753763173
556.2423445479408
1195
763.0020943710192
574.8334735956237
1196
760.9364133657211
597.5559646539026
1197
760.9364133657211
614.0814126962873
1198
760.9364133657211
636.8039037545664
1199
760.9364133657211
655.3950328022491
1200
758.8707323604231
676.05184285523
1201
758.8707323604231
696.7086529082109
1202
758.8707323604231
719.4311439664899
1203
760.9364133657211
738.0222730141727
1204
760.9364133657211
760.7447640724517
1205
767.1334563816154
783.4672551307307
1206
773.3304993975096
804.1240651837115
1207
781.5932234187019
830.9779182525867
1208
787.7902664345963
853.7004093108658
1209
793.9873094504906
886.7513053956352
1210
800.1843524663848
919.8022014804046
1211
812.5784384981732
954.9187785704721
1212
824.9725245299619
985.9039936499435
1213
841.4979725723465
1029.2832947612033
1214
860.0891016200294
1068.5312338618671
0