6096
729.3944705109932
254.90762566656508
6097
736.3123368616587
275.66122471856113
6098
731.1239370986596
282.5790910692265
6099
731.1239370986596
306.79162329655526
6100
732.8534036863259
324.0862891732187
6101
734.5828702739923
341.3809550498821
6102
731.1239370986596
353.48722116354645
6103
734.5828702739923
369.0524204525435
6104
731.1239370986596
388.0765529168733
6105
732.8534036863259
408.83015196886936
6106
736.3123368616587
431.3132176085319
6107
736.3123368616587
438.23108395919724
6108
741.5007366246577
462.443616186526
6109
746.6891363876566
474.54988230019035
6110
751.8775361506557
486.6561484138548
6111
763.98380226432
507.40974746585084
6112
779.5490015533171
514.3276138165162
6113
795.1142008423142
529.8928131055133
6114
800.3026006053133
547.1874789821767
6115
817.5972664819767
559.2937450958411
6116
819.3267330696431
571.4000112095055
6117
838.3508655339726
593.8830768491679
6118
859.1044645859688
614.636675901164
6119
864.2928643489679
623.2840088394958
6120
878.1285970502986
650.9554742421572
6121
891.9643297516293
675.1680064694859
6122
893.6937963392957
687.2742725831504
6123
900.6116626899611
708.0278716351464
6124
907.5295290406264
735.6993370378079
6125
909.2589956282927
744.3466699761397
6126
898.8821961022948
775.4770685541338
6127
897.1527295146284
799.6896007814626
6128
886.7759299886302
822.172666421125
6129
878.1285970502986
849.8441318237865
6130
874.6696638749659
861.9503979374508
6131
862.5633977613015
886.1629301647796
6132
862.5633977613015
910.3754623921084
6133
857.3749979983024
939.7763943824361
6134
860.8339311736352
972.6362595480966
6135
857.3749979983024
993.3898586000928
6136
862.5633977613015
1034.897056704085
6137
878.1285970502986
1066.027455282079
0