5247
802.0320671929796
268.7433583678958
5248
800.3026006053133
284.30855765689284
5249
800.3026006053133
306.79162329655526
5250
795.1142008423142
318.8978894102197
5251
789.9258010793153
336.19255528688313
5252
789.9258010793153
356.9461543388792
5253
788.1963344916489
370.7818870402099
5254
788.1963344916489
393.2649526798723
5255
786.4668679039826
408.83015196886936
5256
784.7374013163162
431.3132176085319
5257
786.4668679039826
448.6078834851953
5258
783.0079347286498
472.8204157125241
5259
783.0079347286498
493.57401476452014
5260
779.5490015533171
498.7624145275191
5261
779.5490015533171
541.9990792191777
5262
781.2784681409835
561.0232116835075
5263
783.0079347286498
590.4241436738353
5264
779.5490015533171
616.3661424888304
5265
779.5490015533171
637.1197415408265
5266
781.2784681409835
673.4385398818197
5267
783.0079347286498
702.8394718721474
5268
786.4668679039826
735.6993370378079
5269
786.4668679039826
768.5592022034684
5270
789.9258010793153
803.1485339567953
5271
793.3847342546478
844.6557320607874
5272
805.4910003683124
880.9745304017806
5273
815.8677998943103
922.4817285057727
5274
824.5151328326419
957.0710602590996
5275
836.6213989463065
998.5782583630918
5276
850.4571316476372
1048.7327894054156
0