6113
802.0320671929796
263.5549586048968
6114
802.0320671929796
291.2264240075582
6115
798.5731340176469
317.16842282255334
6116
795.1142008423142
322.3568225855523
6117
795.1142008423142
355.2166877512128
6118
793.3847342546478
381.15868656620796
6119
795.1142008423142
401.912285618204
6120
793.3847342546478
427.85428443319915
6121
789.9258010793153
464.1730827741924
6122
786.4668679039826
490.1150815891874
6123
783.0079347286498
524.7044133425143
6124
783.0079347286498
559.2937450958411
6125
783.0079347286498
588.6946770861689
6126
783.0079347286498
612.9072093134977
6127
783.0079347286498
650.9554742421572
6128
779.5490015533171
695.9216055214821
6129
774.360601790318
716.6752045734781
6130
774.360601790318
763.3708024404693
6131
769.1722020273191
794.5012010184635
6132
769.1722020273191
825.6315995964576
6133
767.4427354396528
868.8682642881163
6134
767.4427354396528
901.7281294537767
6135
762.2543356766537
944.9647941454352
6136
762.2543356766537
979.5541258987621
6137
762.2543356766537
1014.1434576520888
6138
765.7132688519864
1055.650655756081
6139
763.98380226432
1067.7569218697454
0