6124
930.0125946802889
1067.7569218697454
6125
943.8483273816196
1031.4381235287524
6126
952.4956603199512
979.5541258987621
6127
952.4956603199512
920.7522619181065
6128
962.8724598459494
884.4334635771133
6129
961.142993258283
841.1967988854548
6130
962.8724598459494
796.2306676061298
6131
957.6840600829503
758.1824026774703
6132
947.3072605569523
716.6752045734781
6133
945.577793969286
669.979606706487
6134
935.2009944432878
631.9313417778275
6135
924.8241949172898
595.6125434368342
6136
921.365261741957
561.0232116835075
6137
910.9884622159591
528.163346517847
6138
907.5295290406264
497.0329479398529
6139
907.5295290406264
467.632015949525
6140
907.5295290406264
431.3132176085319
6141
905.80006245296
403.6417522058704
6142
898.8821961022948
372.51135362787625
6143
905.80006245296
350.02828798821383
6144
907.5295290406264
325.81575576088505
6145
912.7179288036255
291.2264240075582
6146
912.7179288036255
267.0138917802294
6147
914.4473953912918
251.44869249123235
0