6148
791.6552676669814
256.63709225423133
6149
789.9258010793153
279.12015789389386
6150
788.1963344916489
311.98002305955436
6151
788.1963344916489
332.7336221115504
6152
784.7374013163162
365.5934872772109
6153
784.7374013163162
391.53548609220604
6154
779.5490015533171
415.7480183195348
6155
784.7374013163162
439.9605505468636
6156
783.0079347286498
467.632015949525
6157
789.9258010793153
500.4918811151855
6158
791.6552676669814
528.163346517847
6159
796.8436674299805
554.105345332842
6160
805.4910003683124
583.5062773231699
6161
803.761533780646
616.3661424888304
6162
812.4088667189776
647.4965410668245
6163
812.4088667189776
668.2501401188206
6164
810.6794001313112
704.5689384598138
6165
814.138333306644
735.6993370378079
6166
812.4088667189776
765.1002690281357
6167
812.4088667189776
803.1485339567953
6168
808.9499335436449
825.6315995964576
6169
815.8677998943103
865.4093311127835
6170
807.2204669559785
893.080796515445
6171
810.6794001313112
936.3174612071035
6172
807.2204669559785
969.177326372764
6173
807.2204669559785
998.5782583630918
6174
808.9499335436449
1053.9211891684147
6175
808.9499335436449
1072.9453216327445
0