6160
783.0079347286498
272.2022915432284
6161
789.9258010793153
303.33269012122264
6162
791.6552676669814
324.0862891732187
6163
786.4668679039826
353.48722116354645
6164
793.3847342546478
381.15868656620796
6165
796.8436674299805
415.7480183195348
6166
800.3026006053133
448.6078834851953
6167
803.761533780646
478.0088154755231
6168
805.4910003683124
510.8686806411836
6169
810.6794001313112
543.7285458068441
6170
815.8677998943103
578.3178775601708
6171
826.2445994203083
619.825075664163
6172
834.8919323586401
649.2260076544909
6173
845.2687318846381
701.1100052844811
6174
853.9160648229699
746.0761365638059
6175
864.2928643489679
796.2306676061298
6176
872.9401972872995
839.4673322977884
6177
879.858063637965
901.7281294537767
6178
890.2348631639629
948.423727320768
6179
907.5295290406264
1003.7666581260908
6180
921.365261741957
1057.3801223437474
0