6182
746.6891363876566
261.82549201723043
6183
743.2302032123239
273.93175813089476
6184
741.5007366246577
292.95589059522456
6185
741.5007366246577
305.0621567088889
6186
739.7712700369914
324.0862891732187
6187
741.5007366246577
336.19255528688313
6188
743.2302032123239
358.67562092654555
6189
739.7712700369914
369.0524204525435
6190
734.5828702739923
388.0765529168733
6191
739.7712700369914
403.6417522058704
6192
738.041803449325
424.39535125786654
6193
734.5828702739923
439.9605505468636
6194
736.3123368616587
455.52574983586067
6195
738.041803449325
481.4677486508557
6196
741.5007366246577
493.57401476452014
6197
734.5828702739923
512.5981472288499
6198
736.3123368616587
533.351746280846
6199
734.5828702739923
547.1874789821767
6200
741.5007366246577
566.2116114465065
6201
746.6891363876566
583.5062773231699
6202
746.6891363876566
611.1777427258313
6203
753.6070027383221
633.6608083654938
6204
755.3364693259884
656.1438740051562
6205
763.98380226432
683.8153394078176
6206
767.4427354396528
709.7573382228128
6207
769.1722020273191
735.6993370378079
6208
770.9016686149855
754.7234695021377
6209
776.0900683779844
791.0422678431308
6210
781.2784681409835
818.7137332457924
6211
784.7374013163162
844.6557320607874
6212
791.6552676669814
867.1387977004499
6213
795.1142008423142
905.1870626291094
6214
793.3847342546478
932.8585280317709
6215
795.1142008423142
960.5299934344323
6216
788.1963344916489
989.9309254247601
6217
788.1963344916489
1026.2497237657533
6218
784.7374013163162
1059.1095889314138
0