6230
767.4427354396528
256.63709225423133
6231
765.7132688519864
277.3906913062275
6232
770.9016686149855
296.4148237705572
6233
776.0900683779844
317.16842282255334
6234
772.6311352026519
331.00415552388404
6235
767.4427354396528
356.9461543388792
6236
765.7132688519864
370.7818870402099
6237
767.4427354396528
393.2649526798723
6238
770.9016686149855
410.5596185565357
6239
765.7132688519864
431.3132176085319
6240
765.7132688519864
446.87841689752895
6241
762.2543356766537
465.90254936185863
6242
763.98380226432
483.19721523852206
6243
762.2543356766537
514.3276138165162
6244
770.9016686149855
536.8106794561787
6245
767.4427354396528
552.3758787451758
6246
765.7132688519864
578.3178775601708
6247
774.360601790318
597.3420100245006
6248
779.5490015533171
623.2840088394958
6249
777.8195349656507
638.8492081284928
6250
772.6311352026519
671.7090732941533
6251
779.5490015533171
701.1100052844811
6252
777.8195349656507
725.3225375118099
6253
776.0900683779844
746.0761365638059
6254
779.5490015533171
773.7476019664674
6255
779.5490015533171
815.2548000704596
6256
779.5490015533171
846.3851986484538
6257
783.0079347286498
868.8682642881163
6258
776.0900683779844
899.9986628661104
6259
767.4427354396528
938.0469277947698
6260
767.4427354396528
972.6362595480966
6261
763.98380226432
1002.0371915384245
6262
757.0659359136548
1036.6265232917513
6263
760.5248690889873
1069.4863884574117
0