6244
744.9596697999903
261.82549201723043
6245
744.9596697999903
279.12015789389386
6246
748.418602975323
287.7674908322256
6247
744.9596697999903
308.5210898842216
6248
746.6891363876566
325.81575576088505
6249
741.5007366246577
337.9220218745494
6250
731.1239370986596
353.48722116354645
6251
732.8534036863259
372.51135362787625
6252
727.6650039233268
393.2649526798723
6253
722.476604160328
415.7480183195348
6254
724.2060707479943
434.7721507838645
6255
720.7471375726616
455.52574983586067
6256
725.9355373356607
479.73828206318944
6257
727.6650039233268
502.22134770285186
6258
732.8534036863259
522.9749467548479
6259
734.5828702739923
543.7285458068441
6260
739.7712700369914
566.2116114465065
6261
744.9596697999903
592.1536102615016
6262
753.6070027383221
616.3661424888304
6263
755.3364693259884
637.1197415408265
6264
760.5248690889873
666.5206735311542
6265
762.2543356766537
694.1921389338157
6266
767.4427354396528
721.8636043364772
6267
763.98380226432
759.9118692651367
6268
765.7132688519864
785.8538680801319
6269
769.1722020273191
815.2548000704596
6270
772.6311352026519
849.8441318237865
6271
772.6311352026519
893.080796515445
6272
774.360601790318
929.3995948564382
6273
776.0900683779844
972.6362595480966
6274
769.1722020273191
1010.6845244767562
6275
767.4427354396528
1057.3801223437474
0