6247
805.4910003683124
273.93175813089476
6248
803.761533780646
296.4148237705572
6249
808.9499335436449
318.8978894102197
6250
807.2204669559785
348.29882140054747
6251
807.2204669559785
370.7818870402099
6252
805.4910003683124
396.723885855205
6253
798.5731340176469
427.85428443319915
6254
800.3026006053133
453.7962832481943
6255
798.5731340176469
483.19721523852206
6256
798.5731340176469
505.6802808781845
6257
800.3026006053133
535.0812128685124
6258
800.3026006053133
567.9410780341728
6259
800.3026006053133
599.071476612167
6260
803.761533780646
635.3902749531601
6261
803.761533780646
656.1438740051562
6262
803.761533780646
695.9216055214821
6263
810.6794001313112
733.9698704501416
6264
805.4910003683124
772.0181353788012
6265
810.6794001313112
803.1485339567953
6266
808.9499335436449
853.3030649991192
6267
805.4910003683124
894.8102631031113
6268
807.2204669559785
929.3995948564382
6269
808.9499335436449
979.5541258987621
6270
805.4910003683124
1026.2497237657533
6271
808.9499335436449
1059.1095889314138
0