1141
744.4109653233363
260.84996079031396
1142
740.2796033127402
279.44108983799686
1143
738.2139223074421
291.8351758697853
1144
736.148241302144
314.55766692806435
1145
738.2139223074421
333.14879597574713
1146
738.2139223074421
353.805606028728
1147
740.2796033127402
374.46241608170897
1148
740.2796033127402
395.1192261346898
1149
742.3452843180382
413.7103551823726
1150
738.2139223074421
432.3014842300554
1151
736.148241302144
457.0896562936325
1152
734.0825602968459
477.7464663466134
1153
732.0168792915479
496.3375953942963
1154
729.9511982862498
519.0600864525752
1155
725.8198362756536
537.651215500258
1156
725.8198362756536
552.1109825373446
1157
723.7541552703556
568.6364305797293
1158
723.7541552703556
587.2275596274121
1159
721.6884742650575
599.6216456592007
1160
719.6227932597594
609.9500506856912
1161
721.6884742650575
622.3441367174797
1162
723.7541552703556
634.7382227492682
1163
734.0825602968459
649.1979897863548
1164
736.148241302144
661.5920758181434
1165
736.148241302144
673.9861618499319
1166
736.148241302144
684.3145668764224
1167
738.2139223074421
700.8400149188071
1168
742.3452843180382
715.2997819558938
1169
750.6080083392308
727.6938679876823
1170
756.805051355125
742.1536350247688
1171
767.1334563816154
754.5477210565574
1172
777.4618614081057
771.0731690989421
1173
789.8559474398944
783.4672551307307
1174
796.0529904557886
799.9927031731154
1175
804.3157144769809
818.5838322207983
1176
814.6441195034715
839.240642273779
1177
822.9068435246638
857.8317713214619
1178
835.3009295564523
878.4885813744428
1179
845.6293345829426
899.1453914274236
1180
860.0891016200294
919.8022014804046
1181
874.5488686571159
940.4590115333855
1182
893.1399977047988
965.2471835969625
1183
911.7311267524815
981.7726316393473
1184
924.1252127842702
1004.4951226976262
1185
942.7163418319528
1033.4146567717994
1186
959.2417898743377
1056.1371478300784
0