6250
919.6357951542907
1036.6265232917513
6251
921.365261741957
988.2014588370937
6252
923.0947283296234
953.612127083767
6253
919.6357951542907
906.9165292167756
6254
931.7420612679553
879.2450638141142
6255
935.2009944432878
836.0083991224558
6256
954.2251269076176
806.6074671321279
6257
969.7903261966146
761.641335852803
6258
976.7081925472801
725.3225375118099
6259
987.084992073278
699.3805386968147
6260
994.0028584239435
668.2501401188206
6261
999.1912581869424
630.2018751901611
6262
1004.3796579499415
604.259876375166
6263
1006.1091245376078
578.3178775601708
6264
1013.0269908882733
554.105345332842
6265
1007.8385911252742
528.163346517847
6266
1004.3796579499415
505.6802808781845
6267
1002.6501913622751
476.2793488878567
6268
995.7323250116099
453.7962832481943
6269
988.8144586609444
436.50161737153087
6270
987.084992073278
408.83015196886936
6271
983.6260588979453
388.0765529168733
6272
983.6260588979453
367.32295386487726
6273
978.4376591349464
343.1104216375485
6274
973.2492593719473
317.16842282255334
6275
971.519792784281
298.14429035822354
6276
976.7081925472801
291.2264240075582
6277
976.7081925472801
261.82549201723043
0