6258
916.1768619789582
1021.0613240027542
6259
924.8241949172898
974.365726135763
6260
928.2831280926225
931.1290614441045
6261
928.2831280926225
891.3513299277786
6262
933.4715278556216
844.6557320607874
6263
942.1188607939532
804.8780005444617
6264
950.7661937322848
770.2886687911348
6265
954.2251269076176
735.6993370378079
6266
959.4135266706166
704.5689384598138
6267
959.4135266706166
668.2501401188206
6268
973.2492593719473
628.4724086024947
6269
973.2492593719473
592.1536102615016
6270
968.0608596089482
566.2116114465065
6271
966.3313930212819
536.8106794561787
6272
966.3313930212819
503.9508142905182
6273
961.142993258283
471.09094912485773
6274
955.9545934952839
453.7962832481943
6275
952.4956603199512
433.04268419619814
6276
952.4956603199512
408.83015196886936
6277
943.8483273816196
386.34708632920695
6278
943.8483273816196
363.86402068954453
6279
935.2009944432878
348.29882140054747
6280
931.7420612679553
318.8978894102197
6281
923.0947283296234
298.14429035822354
6282
921.365261741957
284.30855765689284
6283
917.9063285666243
270.47282495556215
6284
912.7179288036255
256.63709225423133
6285
904.0705958652936
242.80135955290064
0