5235
845.2687318846381
1053.9211891684147
5236
850.4571316476372
1019.3318574150879
5237
852.1865982353036
993.3898586000928
5238
850.4571316476372
967.4478597850976
5239
853.9160648229699
941.5058609701025
5240
850.4571316476372
910.3754623921084
5241
853.9160648229699
887.892396752446
5242
850.4571316476372
861.9503979374508
5243
852.1865982353036
832.549465947123
5244
855.6455314106361
811.7958668951269
5245
859.1044645859688
775.4770685541338
5246
862.5633977613015
744.3466699761397
5247
874.6696638749659
721.8636043364772
5248
878.1285970502986
680.356406232485
5249
883.3169968132977
656.1438740051562
5250
895.423262926962
628.4724086024947
5251
904.0705958652936
604.259876375166
5252
921.365261741957
576.5884109725046
5253
933.4715278556216
555.8348119205084
5254
942.1188607939532
533.351746280846
5255
950.7661937322848
514.3276138165162
5256
971.519792784281
484.9266818261884
5257
980.1671257226128
467.632015949525
5258
978.4376591349464
439.9605505468636
5259
976.7081925472801
417.4774849072011
5260
976.7081925472801
400.18281903053776
5261
976.7081925472801
370.7818870402099
5262
974.9787259596137
353.48722116354645
5263
973.2492593719473
331.00415552388404
5264
969.7903261966146
313.7094896472206
5265
962.8724598459494
289.4969574198918
5266
961.142993258283
261.82549201723043
0