6282
731.1239370986596
260.09602542956407
6283
727.6650039233268
282.5790910692265
6284
729.3944705109932
303.33269012122264
6285
731.1239370986596
315.438956234887
6286
729.3944705109932
332.7336221115504
6287
734.5828702739923
355.2166877512128
6288
732.8534036863259
377.69975339087523
6289
736.3123368616587
389.8060195045397
6290
741.5007366246577
412.2890851442021
6291
741.5007366246577
439.9605505468636
6292
751.8775361506557
464.1730827741924
6293
748.418602975323
488.38561500152116
6294
758.795402501321
517.7865469918489
6295
762.2543356766537
540.2696126315113
6296
765.7132688519864
561.0232116835075
6297
774.360601790318
592.1536102615016
6298
774.360601790318
614.636675901164
6299
784.7374013163162
645.7670744791582
6300
781.2784681409835
682.0858728201514
6301
779.5490015533171
704.5689384598138
6302
788.1963344916489
737.4288036254743
6303
789.9258010793153
770.2886687911348
6304
793.3847342546478
820.4431998334587
6305
796.8436674299805
855.0325315867855
6306
803.761533780646
884.4334635771133
6307
803.761533780646
927.6701282687718
6308
815.8677998943103
972.6362595480966
6309
821.0561996573094
1026.2497237657533
6310
831.4329991833074
1062.5685221067465
0