6322
731.1239370986596
251.44869249123235
6323
729.3944705109932
279.12015789389386
6324
729.3944705109932
306.79162329655526
6325
729.3944705109932
332.7336221115504
6326
736.3123368616587
362.13455410187817
6327
739.7712700369914
391.53548609220604
6328
741.5007366246577
424.39535125786654
6329
746.6891363876566
453.7962832481943
6330
746.6891363876566
483.19721523852206
6331
748.418602975323
517.7865469918489
6332
748.418602975323
554.105345332842
6333
755.3364693259884
597.3420100245006
6334
758.795402501321
640.5786747161592
6335
762.2543356766537
682.0858728201514
6336
767.4427354396528
730.5109372748088
6337
776.0900683779844
787.5833346677982
6338
783.0079347286498
839.4673322977884
6339
798.5731340176469
898.269196278444
6340
815.8677998943103
948.423727320768
6341
831.4329991833074
1012.4139910644226
6342
853.9160648229699
1072.9453216327445
0