6354
777.8195349656507
258.3665588418977
6355
777.8195349656507
272.2022915432284
6356
777.8195349656507
287.7674908322256
6357
770.9016686149855
306.79162329655526
6358
772.6311352026519
324.0862891732187
6359
777.8195349656507
336.19255528688313
6360
772.6311352026519
363.86402068954453
6361
770.9016686149855
374.2408202155426
6362
770.9016686149855
386.34708632920695
6363
772.6311352026519
407.1006853812031
6364
770.9016686149855
433.04268419619814
6365
772.6311352026519
450.33735007286157
6366
776.0900683779844
469.36148253719136
6367
777.8195349656507
490.1150815891874
6368
784.7374013163162
502.22134770285186
6369
783.0079347286498
528.163346517847
6370
783.0079347286498
548.916945569843
6371
786.4668679039826
574.8589443848382
6372
793.3847342546478
593.8830768491679
6373
798.5731340176469
625.0134754271621
6374
800.3026006053133
645.7670744791582
6375
803.761533780646
657.8733405928226
6376
808.9499335436449
692.4626723461494
6377
807.2204669559785
723.5930709241436
6378
810.6794001313112
742.6172033884733
6379
819.3267330696431
773.7476019664674
6380
821.0561996573094
803.1485339567953
6381
821.0561996573094
837.737865710122
6382
822.7856662449756
870.5977308757825
6383
824.5151328326419
903.457596041443
6384
829.703532595641
931.1290614441045
6385
833.1624657709738
974.365726135763
6386
831.4329991833074
1000.3077249507581
6387
831.4329991833074
1033.1675901164185
6388
834.8919323586401
1067.7569218697454
0