6356
1590.668831168831
507.40974746585084
6357
1556.0794994155042
500.4918811151855
6358
1524.94910083751
500.4918811151855
6359
1486.9008359088507
498.7624145275191
6360
1457.499903918523
497.0329479398529
6361
1421.1811055775297
486.6561484138548
6362
1388.3212404118692
488.38561500152116
6363
1360.6497750092078
476.2793488878567
6364
1313.9541771422166
476.2793488878567
6365
1284.5532451518889
465.90254936185863
6366
1253.4228465738945
460.71414959885965
6367
1220.5629814082342
450.33735007286157
6368
1194.620982593239
446.87841689752895
6369
1170.4084503659103
431.3132176085319
6370
1147.9253847262478
420.9364180825338
6371
1116.7949861482537
414.01855173186846
6372
1097.7708536839239
403.6417522058704
6373
1080.4761878072604
389.8060195045397
6374
1059.7225887552645
372.51135362787625
6375
1044.1573894662674
365.5934872772109
6376
1028.5921901772704
350.02828798821383
6377
1016.4859240636058
341.3809550498821
6378
1007.8385911252742
324.0862891732187
6379
995.7323250116099
308.5210898842216
6380
987.084992073278
296.4148237705572
6381
987.084992073278
284.30855765689284
6382
981.896592310279
270.47282495556215
6383
976.7081925472801
256.63709225423133
2