6365
1547.4321664771726
529.8928131055133
6366
1492.0892356718498
521.2454801671817
6367
1448.852570980191
531.6222796931796
6368
1409.0748394638654
519.5160135795153
6369
1355.4613752462087
517.7865469918489
6370
1315.683643729883
516.0570804041826
6371
1286.282711739555
509.1392140535172
6372
1232.6692475218986
500.4918811151855
6373
1189.4325828302399
493.57401476452014
6374
1153.1137844892469
479.73828206318944
6375
1123.7128524989191
460.71414959885965
6376
1082.2056543949268
445.1489503098626
6377
1066.6404551059297
434.7721507838645
6378
1030.3216567649365
414.01855173186846
6379
1004.3796579499415
394.99441926753866
6380
988.8144586609444
375.970286803209
6381
961.142993258283
355.2166877512128
6382
949.0367271446187
344.83988822521474
6383
942.1188607939532
317.16842282255334
6384
930.0125946802889
298.14429035822354
6385
928.2831280926225
279.12015789389386
6386
907.5295290406264
256.63709225423133
2