6458
746.6891363876566
258.3665588418977
6459
744.9596697999903
267.0138917802294
6460
741.5007366246577
286.0380242445592
6461
741.5007366246577
299.8737569458899
6462
738.041803449325
308.5210898842216
6463
736.3123368616587
332.7336221115504
6464
734.5828702739923
346.5693548128811
6465
732.8534036863259
363.86402068954453
6466
724.2060707479943
374.2408202155426
6467
725.9355373356607
391.53548609220604
6468
724.2060707479943
407.1006853812031
6469
724.2060707479943
414.01855173186846
6470
724.2060707479943
429.5837510208655
6471
719.0176709849952
452.06681666052793
6472
720.7471375726616
471.09094912485773
6473
729.3944705109932
490.1150815891874
6474
724.2060707479943
491.8445481768538
6475
724.2060707479943
509.1392140535172
6476
720.7471375726616
528.163346517847
6477
725.9355373356607
545.4580123945104
6478
722.476604160328
557.5642785081748
6479
724.2060707479943
569.6705446218391
6480
729.3944705109932
590.4241436738353
6481
724.2060707479943
607.7188095504987
6482
724.2060707479943
619.825075664163
6483
720.7471375726616
647.4965410668245
6484
719.0176709849952
668.2501401188206
6485
720.7471375726616
683.8153394078176
6486
722.476604160328
701.1100052844811
6487
724.2060707479943
723.5930709241436
6488
727.6650039233268
740.8877368008069
6489
727.6650039233268
752.9940029144714
6490
729.3944705109932
780.6654683171328
6491
731.1239370986596
811.7958668951269
6492
738.041803449325
830.8199993594567
6493
727.6650039233268
848.1146652361201
6494
722.476604160328
867.1387977004499
6495
715.5587378096625
899.9986628661104
6496
712.0998046343298
920.7522619181065
6497
715.5587378096625
943.2353275577689
6498
710.3703380466636
977.8246593110957
6499
706.9114048713309
996.8487917754255
6500
706.9114048713309
1019.3318574150879
6501
708.6408714589973
1045.273856230083
6502
706.9114048713309
1066.027455282079
0