6472
1566.4562989415024
517.7865469918489
6473
1533.596433775842
517.7865469918489
6474
1509.383901548513
514.3276138165162
6475
1474.7945697951864
507.40974746585084
6476
1440.2052380418595
507.40974746585084
6477
1405.6159062885326
503.9508142905182
6478
1376.2149742982049
497.0329479398529
6479
1345.0845757202108
486.6561484138548
6480
1312.2247105545503
484.9266818261884
6481
1279.3648453888898
479.73828206318944
6482
1249.963913398562
471.09094912485773
6483
1224.0219145835667
465.90254936185863
6484
1191.1620494179062
452.06681666052793
6485
1165.2200506029112
445.1489503098626
6486
1139.2780517879162
434.7721507838645
6487
1111.6065863852546
426.1248178455328
6488
1087.394054157926
410.5596185565357
6489
1071.8288548689288
394.99441926753866
6490
1054.5341889922654
381.15868656620796
6491
1030.3216567649365
358.67562092654555
6492
1028.5921901772704
353.48722116354645
6493
1018.2153906512722
341.3809550498821
6494
1013.0269908882733
324.0862891732187
6495
995.7323250116099
308.5210898842216
6496
995.7323250116099
296.4148237705572
6497
992.2733918362771
279.12015789389386
6498
990.5439252486108
267.0138917802294
6499
983.6260588979453
254.90762566656508
2