1326
715.491431249163
298.03221888567964
1327
719.6227932597594
322.82039094925665
1328
719.6227932597594
347.60856301283377
1329
721.6884742650575
378.5937780923051
1330
719.6227932597594
409.57899317177646
1331
721.6884742650575
438.49852724594973
1332
723.7541552703556
473.6151043360172
1333
727.8855172809517
504.60031941548857
1334
732.0168792915479
537.651215500258
1335
740.2796033127402
574.8334735956237
1336
748.5423273339327
609.9500506856912
1337
758.8707323604231
653.3293517969511
1338
767.1334563816154
690.5116098923166
1339
775.3961804028077
735.9565920088746
1340
783.6589044240002
783.4672551307307
1341
796.0529904557886
830.9779182525867
1342
802.2500334716829
876.4229003691447
1343
808.4470764875771
928.0649255015969
1344
810.5127574928752
983.8383126446454
1345
812.5784384981732
1033.4146567717994
0