6495
800.3026006053133
253.17815907889872
6496
796.8436674299805
265.28442519256305
6497
798.5731340176469
291.2264240075582
6498
798.5731340176469
301.6032235335563
6499
800.3026006053133
315.438956234887
6500
805.4910003683124
331.00415552388404
6501
803.761533780646
344.83988822521474
6502
805.4910003683124
365.5934872772109
6503
803.761533780646
377.69975339087523
6504
800.3026006053133
393.2649526798723
6505
802.0320671929796
407.1006853812031
6506
800.3026006053133
427.85428443319915
6507
796.8436674299805
434.7721507838645
6508
793.3847342546478
452.06681666052793
6509
798.5731340176469
464.1730827741924
6510
791.6552676669814
483.19721523852206
6511
786.4668679039826
486.6561484138548
6512
777.8195349656507
521.2454801671817
6513
772.6311352026519
531.6222796931796
6514
783.0079347286498
550.6464121575094
6515
783.0079347286498
567.9410780341728
6516
783.0079347286498
597.3420100245006
6517
788.1963344916489
614.636675901164
6518
808.9499335436449
630.2018751901611
6519
814.138333306644
669.979606706487
6520
827.9740660079747
689.0037391708167
6521
840.080332121639
716.6752045734781
6522
848.7276650599708
735.6993370378079
6523
850.4571316476372
761.641335852803
6524
855.6455314106361
794.5012010184635
6525
852.1865982353036
825.6315995964576
6526
859.1044645859688
865.4093311127835
6527
857.3749979983024
896.5397296907777
6528
852.1865982353036
931.1290614441045
6529
855.6455314106361
970.9067929604303
6530
853.9160648229699
1017.6023908274216
6531
850.4571316476372
1050.462255993082
0