6495
802.0320671929796
253.17815907889872
6496
798.5731340176469
267.0138917802294
6497
796.8436674299805
284.30855765689284
6498
800.3026006053133
305.0621567088889
6499
805.4910003683124
318.8978894102197
6500
802.0320671929796
331.00415552388404
6501
805.4910003683124
353.48722116354645
6502
800.3026006053133
355.2166877512128
6503
798.5731340176469
377.69975339087523
6504
807.2204669559785
394.99441926753866
6505
798.5731340176469
394.99441926753866
6506
798.5731340176469
424.39535125786654
6507
796.8436674299805
434.7721507838645
6508
793.3847342546478
448.6078834851953
6509
791.6552676669814
457.2552164235269
6510
788.1963344916489
486.6561484138548
6511
781.2784681409835
495.3034813521865
6512
777.8195349656507
519.5160135795153
6513
776.0900683779844
535.0812128685124
6514
777.8195349656507
545.4580123945104
6515
784.7374013163162
566.2116114465065
6516
789.9258010793153
588.6946770861689
6517
793.3847342546478
612.9072093134977
6518
802.0320671929796
638.8492081284928
6519
815.8677998943103
663.0617403558216
6520
826.2445994203083
685.544805995484
6521
838.3508655339726
713.2162713981455
6522
846.9981984723045
740.8877368008069
6523
848.7276650599708
765.1002690281357
6524
855.6455314106361
799.6896007814626
6525
852.1865982353036
825.6315995964576
6526
850.4571316476372
867.1387977004499
6527
853.9160648229699
898.269196278444
6528
853.9160648229699
938.0469277947698
6529
860.8339311736352
981.2835924864283
6530
852.1865982353036
1015.8729242397552
6531
852.1865982353036
1059.1095889314138
0