6501
750.1480695629893
251.44869249123235
6502
748.418602975323
272.2022915432284
6503
743.2302032123239
287.7674908322256
6504
744.9596697999903
306.79162329655526
6505
744.9596697999903
320.62735599788596
6506
741.5007366246577
344.83988822521474
6507
736.3123368616587
360.4050875142118
6508
732.8534036863259
386.34708632920695
6509
729.3944705109932
412.2890851442021
6510
724.2060707479943
429.5837510208655
6511
722.476604160328
446.87841689752895
6512
722.476604160328
471.09094912485773
6513
712.0998046343298
503.9508142905182
6514
706.9114048713309
535.0812128685124
6515
706.9114048713309
550.6464121575094
6516
705.1819382836645
590.4241436738353
6517
706.9114048713309
626.7429420148284
6518
710.3703380466636
652.6849408298235
6519
712.0998046343298
692.4626723461494
6520
719.0176709849952
730.5109372748088
6521
727.6650039233268
770.2886687911348
6522
725.9355373356607
808.3369337197943
6523
727.6650039233268
846.3851986484538
6524
729.3944705109932
879.2450638141142
6525
727.6650039233268
931.1290614441045
6526
725.9355373356607
974.365726135763
6527
729.3944705109932
1021.0613240027542
6528
731.1239370986596
1071.2158550450781
0