5245
1569.915232116835
522.9749467548479
5246
1547.4321664771726
521.2454801671817
5247
1516.3017678991785
517.7865469918489
5248
1481.7124361458516
512.5981472288499
5249
1448.852570980191
509.1392140535172
5250
1421.1811055775297
495.3034813521865
5251
1393.5096401748683
497.0329479398529
5252
1364.1087081845405
497.0329479398529
5253
1332.9783096065462
483.19721523852206
5254
1303.5773776162184
478.0088154755231
5255
1279.3648453888898
469.36148253719136
5256
1249.963913398562
460.71414959885965
5257
1224.0219145835667
448.6078834851953
5258
1199.809382356238
438.23108395919724
5259
1179.055783304242
429.5837510208655
5260
1154.8432510769132
417.4774849072011
5261
1134.089652024917
414.01855173186846
5262
1111.6065863852546
398.4533524428714
5263
1090.8529873332586
389.8060195045397
5264
1077.017254631928
382.8881531538743
5265
1066.6404551059297
372.51135362787625
5266
1049.3457892292663
358.67562092654555
5267
1026.862723589604
346.5693548128811
5268
1016.4859240636058
336.19255528688313
5269
1002.6501913622751
317.16842282255334
5270
997.4617915992762
303.33269012122264
5271
987.084992073278
292.95589059522456
5272
980.1671257226128
263.5549586048968
5273
976.7081925472801
261.82549201723043
2