6581
902.3411292776273
1066.027455282079
6582
910.9884622159591
1005.4961247137571
6583
909.2589956282927
936.3174612071035
6584
910.9884622159591
886.1629301647796
6585
914.4473953912918
834.2789325347894
6586
917.9063285666243
775.4770685541338
6587
921.365261741957
727.0520040994762
6588
923.0947283296234
675.1680064694859
6589
924.8241949172898
625.0134754271621
6590
928.2831280926225
573.1294777971718
6591
928.2831280926225
547.1874789821767
6592
938.6599276186205
493.57401476452014
6593
942.1188607939532
460.71414959885965
6594
947.3072605569523
419.20695149486744
6595
942.1188607939532
384.6176197415406
6596
945.577793969286
351.7577545758802
6597
943.8483273816196
318.8978894102197
6598
938.6599276186205
289.4969574198918
6599
940.3893942062869
263.5549586048968
0