6592
845.2687318846381
1031.4381235287524
6593
857.3749979983024
984.7425256617611
6594
874.6696638749659
943.2353275577689
6595
888.5053965762966
908.645995804442
6596
917.9063285666243
861.9503979374508
6597
938.6599276186205
822.172666421125
6598
961.142993258283
789.3128012554645
6599
987.084992073278
768.5592022034684
6600
1016.4859240636058
740.8877368008069
6601
1047.6163226416
718.4046711611445
6602
1087.394054157926
695.9216055214821
6603
1106.4181866222557
682.0858728201514
6604
1147.9253847262478
673.4385398818197
6605
1192.8915160055726
661.3322737681552
6606
1237.8576472848974
642.3081413038254
6607
1263.7996460998927
635.3902749531601
6608
1307.0363107915512
623.2840088394958
6609
1331.24884301888
616.3661424888304
6610
1352.002442070876
616.3661424888304
6611
1371.0265745352058
611.1777427258313
6612
1386.5917738242028
604.259876375166
6613
1402.1569731132
600.8009431998333
6614
1412.5337726391979
599.071476612167
6615
1426.3695053405288
592.1536102615016
6616
1435.0168382788604
585.2357439108363
6617
1433.287371691194
566.2116114465065
6618
1445.3936378048584
566.2116114465065
6619
1448.852570980191
552.3758787451758
6620
1440.2052380418595
545.4580123945104
6621
1435.0168382788604
535.0812128685124
6622
1441.9347046295259
526.4338799301806
6623
1422.910572165196
522.9749467548479
6624
1417.722172402197
509.1392140535172
6625
1414.2632392268642
497.0329479398529
6626
1407.345372876199
497.0329479398529
6627
1365.8381747722067
484.9266818261884
6628
1360.6497750092078
474.54988230019035
6629
1350.2729754832096
467.632015949525
6630
1338.1667093695453
464.1730827741924
6631
1305.3068442038848
457.2552164235269
6632
1286.282711739555
448.6078834851953
6633
1270.717512450558
448.6078834851953
6634
1229.2103143465658
433.04268419619814
6635
1215.3745816452351
433.04268419619814
6636
1182.5147164795746
429.5837510208655
6637
1163.4905840152448
422.66588467020017
6638
1141.0075183755825
415.7480183195348
6639
1121.9833859112528
403.6417522058704
6640
1102.959253446923
396.723885855205
6641
1080.4761878072604
388.0765529168733
6642
1064.9109885182634
369.0524204525435
6643
1061.4520553429309
372.51135362787625
6644
1037.239523115602
353.48722116354645
6645
1023.4037904142713
341.3809550498821
6646
1002.6501913622751
320.62735599788596
6647
990.5439252486108
308.5210898842216
6648
980.1671257226128
303.33269012122264
6649
966.3313930212819
289.4969574198918
6650
955.9545934952839
275.66122471856113
6651
949.0367271446187
261.82549201723043
0