6613
766.9666758044066
262.32972963711745
6614
763.98380226432
282.5790910692265
6615
762.2543356766537
315.438956234887
6616
760.5248690889873
337.9220218745494
6617
763.98380226432
358.67562092654555
6618
753.6070027383221
398.4533524428714
6619
758.795402501321
434.7721507838645
6620
755.3364693259884
464.1730827741924
6621
755.3364693259884
502.22134770285186
6622
753.6070027383221
528.163346517847
6623
767.4427354396528
574.8589443848382
6624
760.5248690889873
609.448276138165
6625
770.9016686149855
650.9554742421572
6626
777.8195349656507
701.1100052844811
6627
784.7374013163162
721.8636043364772
6628
786.4668679039826
791.0422678431308
6629
791.6552676669814
841.1967988854548
6630
798.5731340176469
906.9165292167756
6631
789.9258010793153
951.8826604961006
6632
786.4668679039826
1014.1434576520888
6633
781.2784681409835
1069.4863884574117
0