6697
796.8436674299805
253.17815907889872
6698
793.3847342546478
273.93175813089476
6699
796.8436674299805
299.8737569458899
6700
796.8436674299805
324.0862891732187
6701
795.1142008423142
348.29882140054747
6702
796.8436674299805
370.7818870402099
6703
795.1142008423142
400.18281903053776
6704
793.3847342546478
426.1248178455328
6705
796.8436674299805
446.87841689752895
6706
789.9258010793153
471.09094912485773
6707
793.3847342546478
491.8445481768538
6708
789.9258010793153
516.0570804041826
6709
788.1963344916489
540.2696126315113
6710
789.9258010793153
559.2937450958411
6711
795.1142008423142
583.5062773231699
6712
803.761533780646
600.8009431998333
6713
805.4910003683124
623.2840088394958
6714
814.138333306644
640.5786747161592
6715
822.7856662449756
668.2501401188206
6716
833.1624657709738
692.4626723461494
6717
845.2687318846381
720.1341377488109
6718
857.3749979983024
747.8056031514723
6719
876.3991304626322
789.3128012554645
6720
883.3169968132977
834.2789325347894
6721
888.5053965762966
863.6798645251172
6722
883.3169968132977
915.5638621551075
6723
891.9643297516293
957.0710602590996
6724
893.6937963392957
1003.7666581260908
6725
902.3411292776273
1057.3801223437474
0