6785
741.5007366246577
254.90762566656508
6786
738.041803449325
279.12015789389386
6787
734.5828702739923
305.0621567088889
6788
734.5828702739923
327.5452223485514
6789
731.1239370986596
350.02828798821383
6790
731.1239370986596
377.69975339087523
6791
722.476604160328
407.1006853812031
6792
719.0176709849952
431.3132176085319
6793
708.6408714589973
462.443616186526
6794
701.7230051083318
483.19721523852206
6795
694.8051387576663
509.1392140535172
6796
687.8872724070011
538.540146043845
6797
677.5104728810031
566.2116114465065
6798
663.6747401796722
592.1536102615016
6799
641.1916745400099
614.636675901164
6800
625.6264752510128
645.7670744791582
6801
596.2255432606851
671.7090732941533
6802
563.3656780950246
690.733205758483
6803
533.9647461046968
713.2162713981455
6804
497.64594776370365
735.6993370378079
6805
459.59768283504405
749.5350697391386
6806
411.1726183803866
768.5592022034684
6807
383.5011529777251
775.4770685541338
6808
352.37075439973097
784.1244014924655
6809
321.24035582173684
784.1244014924655
6810
286.65102406841
787.5833346677982
6811
245.14382596441777
784.1244014924655
6812
203.63662786042568
782.3949349047991
6813
175.96516245776417
775.4770685541338
6814
132.7284977661056
773.7476019664674
6815
84.30343331144803
775.4770685541338
6816
44.525701795122245
785.8538680801319
2