6810
58.361434496453
810.0664003074605
6811
99.86863260044521
818.7137332457924
6812
156.94102999343437
816.984266658126
6813
184.61249539609588
815.2548000704596
6814
227.84916008775434
816.984266658126
6815
271.0858247794129
810.0664003074605
6816
324.69928899706946
797.9601341937962
6817
373.124353451727
782.3949349047991
6818
400.79581885438853
773.7476019664674
6819
450.95034989671245
756.4529360898041
6820
494.1870145883709
746.0761365638059
6821
549.5299453936939
720.1341377488109
6822
568.5540778580234
701.1100052844811
6823
618.7086089003474
682.0858728201514
6824
660.2158070043397
654.4144074174899
6825
686.1578058193347
630.2018751901611
6826
722.476604160328
614.636675901164
6827
746.6891363876566
595.6125434368342
6828
788.1963344916489
571.4000112095055
6829
831.4329991833074
543.7285458068441
6830
852.1865982353036
524.7044133425143
6831
871.2107306996331
507.40974746585084
6832
883.3169968132977
479.73828206318944
6833
898.8821961022948
455.52574983586067
6834
912.7179288036255
433.04268419619814
6835
928.2831280926225
417.4774849072011
6836
936.9304610309541
393.2649526798723
6837
936.9304610309541
370.7818870402099
6838
947.3072605569523
353.48722116354645
6839
945.577793969286
329.2746889362177
6840
945.577793969286
311.98002305955436
6841
943.8483273816196
296.4148237705572
6842
947.3072605569523
267.0138917802294
6843
945.577793969286
256.63709225423133
1