1330
773.3304993975096
300.0978998909777
1331
775.3961804028077
312.4919859227663
1332
779.5275424134038
329.017433965151
1333
781.5932234187019
341.41151999693955
1334
781.5932234187019
349.67424401813184
1335
785.7245854292983
364.1340110552185
1336
787.7902664345963
378.5937780923051
1337
789.8559474398944
393.05354512939175
1338
789.8559474398944
405.4476311611803
1339
791.9216284451925
419.90739819826695
1340
789.8559474398944
430.2358032247573
1341
789.8559474398944
446.76125126714203
1342
785.7245854292983
461.22101830422866
1343
783.6589044240002
475.6807853413153
1344
783.6589044240002
494.2719143889981
1345
781.5932234187019
512.863043436681
1346
785.7245854292983
533.5198534896618
1347
787.7902664345963
552.1109825373446
1348
789.8559474398944
574.8334735956237
1349
791.9216284451925
595.4902836486045
1350
791.9216284451925
618.2127747068835
1351
787.7902664345963
649.1979897863548
1352
783.6589044240002
671.9204808446339
1353
777.4618614081057
704.9713769294033
1354
775.3961804028077
731.8252299982785
1355
769.1991373869134
766.941807088346
1356
767.1334563816154
797.9270221678173
1357
763.0020943710192
839.240642273779
1358
758.8707323604231
870.2258573532504
1359
754.7393703498269
913.6051584645104
1360
750.6080083392308
950.787416559876
1361
744.4109653233363
990.0353556605396
1362
738.2139223074421
1035.4803377770977
0