6813
760.5248690889873
1071.2158550450781
6814
751.8775361506557
1057.3801223437474
6815
744.9596697999903
1040.085456467084
6816
741.5007366246577
1021.0613240027542
6817
727.6650039233268
1003.7666581260908
6818
712.0998046343298
988.2014588370937
6819
703.4524716959982
976.0951927234294
6820
696.5346053453327
955.3415936714332
6821
672.322073118004
946.6942607331016
6822
656.756873829007
946.6942607331016
6823
630.8148750140117
931.1290614441045
6824
603.1434096113503
925.9406616811054
6825
578.9308773840216
924.2111950934391
6826
552.9888785690266
912.1049289797747
6827
508.0227472897016
899.9986628661104
6828
468.24501577337577
894.8102631031113
6829
437.11461719538164
893.080796515445
6830
393.8779525037232
884.4334635771133
6831
366.20648710106167
879.2450638141142
6832
328.1582221724022
872.3271974634489
6833
288.38049065607635
865.4093311127835
6834
248.6027591397505
868.8682642881163
6835
208.82502762342466
860.2209313497845
6836
153.48209681810175
853.3030649991192
6837
117.16329847710853
848.1146652361201
6838
68.73823402245097
841.1967988854548
6839
22.04263615545983
836.0083991224558
1