6821
727.6650039233268
265.28442519256305
6822
719.0176709849952
280.8496244815601
6823
722.476604160328
298.14429035822354
6824
727.6650039233268
308.5210898842216
6825
717.2882043973289
317.16842282255334
6826
722.476604160328
336.19255528688313
6827
720.7471375726616
351.7577545758802
6828
720.7471375726616
369.0524204525435
6829
717.2882043973289
384.6176197415406
6830
720.7471375726616
410.5596185565357
6831
724.2060707479943
419.20695149486744
6832
732.8534036863259
439.9605505468636
6833
727.6650039233268
457.2552164235269
6834
729.3944705109932
491.8445481768538
6835
732.8534036863259
495.3034813521865
6836
738.041803449325
521.2454801671817
6837
741.5007366246577
531.6222796931796
6838
753.6070027383221
564.4821448588401
6839
758.795402501321
580.0473441478372
6840
763.98380226432
609.448276138165
6841
770.9016686149855
633.6608083654938
6842
779.5490015533171
661.3322737681552
6843
781.2784681409835
690.733205758483
6844
793.3847342546478
721.8636043364772
6845
786.4668679039826
752.9940029144714
6846
798.5731340176469
787.5833346677982
6847
793.3847342546478
832.549465947123
6848
786.4668679039826
867.1387977004499
6849
793.3847342546478
903.457596041443
6850
793.3847342546478
948.423727320768
6851
788.1963344916489
993.3898586000928
6852
788.1963344916489
1038.3559898794176
0