6825
923.0947283296234
1048.7327894054156
6826
924.8241949172898
1024.520257178087
6827
933.4715278556216
993.3898586000928
6828
950.7661937322848
962.2594600220987
6829
959.4135266706166
927.6701282687718
6830
968.0608596089482
894.8102631031113
6831
985.3555254856117
865.4093311127835
6832
1006.1091245376078
846.3851986484538
6833
1021.6743238266049
810.0664003074605
6834
1042.427922878601
792.7717344307972
6835
1066.6404551059297
775.4770685541338
6836
1085.6645875702595
759.9118692651367
6837
1102.959253446923
746.0761365638059
6838
1130.6307188495844
721.8636043364772
6839
1153.1137844892469
701.1100052844811
6840
1187.7031162425737
689.0037391708167
6841
1211.9156484699024
676.8974730571523
6842
1232.6692475218986
668.2501401188206
6843
1260.34071292456
659.6028071804889
6844
1293.2005780902205
650.9554742421572
6845
1329.5193764312137
649.2260076544909
6846
1360.6497750092078
644.0376078914918
6847
1383.1328406488701
631.9313417778275
6848
1417.722172402197
628.4724086024947
6849
1448.852570980191
625.0134754271621
6850
1490.3597690841834
621.5545422518294
6851
1524.94910083751
616.3661424888304
6852
1561.2678991785033
609.448276138165
6853
1587.2098979934983
602.5304097874996
2