6828
1583.7509648181658
547.1874789821767
6829
1537.0553669511746
552.3758787451758
6830
1512.8428347238457
557.5642785081748
6831
1478.2535029705189
561.0232116835075
6832
1429.8284385158613
559.2937450958411
6833
1400.4275065255335
559.2937450958411
6834
1369.2971079475394
559.2937450958411
6835
1329.5193764312137
567.9410780341728
6836
1301.847911028552
573.1294777971718
6837
1262.0701795122263
569.6705446218391
6838
1229.2103143465658
569.6705446218391
6839
1192.8915160055726
569.6705446218391
6840
1156.5727176645796
569.6705446218391
6841
1123.7128524989191
571.4000112095055
6842
1082.2056543949268
571.4000112095055
6843
1045.8868560539336
578.3178775601708
6844
1009.5680577129406
581.7768107355035
6845
962.8724598459494
585.2357439108363
6846
930.0125946802889
592.1536102615016
6847
885.0464634009641
599.071476612167
6848
838.3508655339726
614.636675901164
6849
802.0320671929796
628.4724086024947
6850
750.1480695629893
644.0376078914918
6851
717.2882043973289
656.1438740051562
6852
679.2399394686693
676.8974730571523
6853
637.7327413646772
689.0037391708167
6854
594.4960766730187
701.1100052844811
6855
556.4478117443591
716.6752045734781
6856
508.0227472897016
725.3225375118099
6857
473.43341553637487
739.1582702131407
6858
428.4672842570499
754.7234695021377
6859
378.3127532147261
754.7234695021377
6860
324.69928899706946
759.9118692651367
6861
274.54475795474565
768.5592022034684
6862
226.1196935000881
773.7476019664674
6863
174.2356958700978
775.4770685541338
6864
113.70436530177591
782.3949349047991
6865
65.27930084711835
782.3949349047991
0