5255
763.98380226432
270.47282495556215
5256
762.2543356766537
287.7674908322256
5257
758.795402501321
306.79162329655526
5258
760.5248690889873
320.62735599788596
5259
757.0659359136548
336.19255528688313
5260
755.3364693259884
351.7577545758802
5261
755.3364693259884
375.970286803209
5262
757.0659359136548
389.8060195045397
5263
757.0659359136548
405.37121879353674
5264
753.6070027383221
422.66588467020017
5265
755.3364693259884
443.4194837221962
5266
753.6070027383221
462.443616186526
5267
755.3364693259884
483.19721523852206
5268
760.5248690889873
500.4918811151855
5269
758.795402501321
524.7044133425143
5270
758.795402501321
548.916945569843
5271
760.5248690889873
569.6705446218391
5272
760.5248690889873
602.5304097874996
5273
757.0659359136548
625.0134754271621
5274
760.5248690889873
657.8733405928226
5275
753.6070027383221
683.8153394078176
5276
751.8775361506557
709.7573382228128
5277
748.418602975323
749.5350697391386
5278
748.418602975323
773.7476019664674
5279
744.9596697999903
815.2548000704596
5280
738.041803449325
839.4673322977884
5281
738.041803449325
877.5155972264479
5282
736.3123368616587
922.4817285057727
5283
734.5828702739923
957.0710602590996
5284
741.5007366246577
998.5782583630918
5285
753.6070027383221
1026.2497237657533
5286
755.3364693259884
1060.8390555190801
0