6840
1571.6446987045015
524.7044133425143
6841
1524.94910083751
529.8928131055133
6842
1485.1713693211843
521.2454801671817
6843
1445.3936378048584
516.0570804041826
6844
1412.5337726391979
510.8686806411836
6845
1377.9444408858712
503.9508142905182
6846
1346.8140423078771
497.0329479398529
6847
1308.7657773792175
484.9266818261884
6848
1275.905912213557
483.19721523852206
6849
1243.0460470478965
479.73828206318944
6850
1227.4808477588995
471.09094912485773
6851
1192.8915160055726
465.90254936185863
6852
1163.4905840152448
462.443616186526
6853
1139.2780517879162
450.33735007286157
6854
1116.7949861482537
445.1489503098626
6855
1096.0413870962575
436.50161737153087
6856
1073.5583214565952
429.5837510208655
6857
1059.7225887552645
422.66588467020017
6858
1035.5100565279356
407.1006853812031
6859
1021.6743238266049
396.723885855205
6860
1002.6501913622751
384.6176197415406
6861
988.8144586609444
370.7818870402099
6862
976.7081925472801
355.2166877512128
6863
964.6019264336157
343.1104216375485
6864
955.9545934952839
329.2746889362177
6865
945.577793969286
317.16842282255334
6866
933.4715278556216
301.6032235335563
6867
931.7420612679553
284.30855765689284
6868
928.2831280926225
267.0138917802294
6869
921.365261741957
254.90762566656508
2