6844
779.5490015533171
260.09602542956407
6845
776.0900683779844
272.2022915432284
6846
774.360601790318
292.95589059522456
6847
772.6311352026519
308.5210898842216
6848
777.8195349656507
318.8978894102197
6849
774.360601790318
341.3809550498821
6850
777.8195349656507
351.7577545758802
6851
781.2784681409835
370.7818870402099
6852
781.2784681409835
389.8060195045397
6853
788.1963344916489
401.912285618204
6854
793.3847342546478
422.66588467020017
6855
793.3847342546478
446.87841689752895
6856
793.3847342546478
464.1730827741924
6857
791.6552676669814
479.73828206318944
6858
800.3026006053133
493.57401476452014
6859
798.5731340176469
514.3276138165162
6860
802.0320671929796
541.9990792191777
6861
805.4910003683124
554.105345332842
6862
810.6794001313112
583.5062773231699
6863
810.6794001313112
599.071476612167
6864
817.5972664819767
625.0134754271621
6865
819.3267330696431
656.1438740051562
6866
824.5151328326419
682.0858728201514
6867
822.7856662449756
706.2984050474802
6868
826.2445994203083
733.9698704501416
6869
827.9740660079747
759.9118692651367
6870
829.703532595641
787.5833346677982
6871
831.4329991833074
825.6315995964576
6872
829.703532595641
853.3030649991192
6873
831.4329991833074
887.892396752446
6874
827.9740660079747
925.9406616811054
6875
821.0561996573094
960.5299934344323
6876
815.8677998943103
998.5782583630918
6877
810.6794001313112
1034.897056704085
6878
803.761533780646
1067.7569218697454
0