6861
1583.7509648181658
514.3276138165162
6862
1530.1375006005092
514.3276138165162
6863
1492.0892356718498
509.1392140535172
6864
1438.4757714541931
502.22134770285186
6865
1391.780173587202
486.6561484138548
6866
1345.0845757202108
483.19721523852206
6867
1312.2247105545503
469.36148253719136
6868
1275.905912213557
462.443616186526
6869
1236.1281806972313
453.7962832481943
6870
1204.9977821192372
439.9605505468636
6871
1165.2200506029112
426.1248178455328
6872
1135.8191186125835
414.01855173186846
6873
1106.4181866222557
403.6417522058704
6874
1085.6645875702595
384.6176197415406
6875
1059.7225887552645
377.69975339087523
6876
1037.239523115602
358.67562092654555
6877
1011.2975243006069
350.02828798821383
6878
1002.6501913622751
332.7336221115504
6879
983.6260588979453
317.16842282255334
6880
971.519792784281
299.8737569458899
6881
964.6019264336157
279.12015789389386
6882
949.0367271446187
258.3665588418977
2