6934
781.2784681409835
260.09602542956407
6935
781.2784681409835
284.30855765689284
6936
777.8195349656507
308.5210898842216
6937
769.1722020273191
334.46308869921677
6938
774.360601790318
362.13455410187817
6939
772.6311352026519
382.8881531538743
6940
770.9016686149855
405.37121879353674
6941
767.4427354396528
436.50161737153087
6942
769.1722020273191
464.1730827741924
6943
776.0900683779844
495.3034813521865
6944
777.8195349656507
522.9749467548479
6945
784.7374013163162
550.6464121575094
6946
789.9258010793153
590.4241436738353
6947
793.3847342546478
619.825075664163
6948
796.8436674299805
652.6849408298235
6949
803.761533780646
689.0037391708167
6950
808.9499335436449
733.9698704501416
6951
819.3267330696431
777.2065351418
6952
817.5972664819767
818.7137332457924
6953
824.5151328326419
861.9503979374508
6954
834.8919323586401
905.1870626291094
6955
834.8919323586401
960.5299934344323
6956
834.8919323586401
1010.6845244767562
6957
831.4329991833074
1057.3801223437474
0