6955
729.3944705109932
256.63709225423133
6956
724.2060707479943
270.47282495556215
6957
725.9355373356607
287.7674908322256
6958
729.3944705109932
305.0621567088889
6959
722.476604160328
317.16842282255334
6960
724.2060707479943
337.9220218745494
6961
720.7471375726616
353.48722116354645
6962
717.2882043973289
370.7818870402099
6963
722.476604160328
388.0765529168733
6964
719.0176709849952
405.37121879353674
6965
725.9355373356607
422.66588467020017
6966
727.6650039233268
434.7721507838645
6967
727.6650039233268
452.06681666052793
6968
732.8534036863259
467.632015949525
6969
732.8534036863259
490.1150815891874
6970
739.7712700369914
498.7624145275191
6971
744.9596697999903
521.2454801671817
6972
751.8775361506557
533.351746280846
6973
758.795402501321
555.8348119205084
6974
757.0659359136548
585.2357439108363
6975
762.2543356766537
597.3420100245006
6976
770.9016686149855
612.9072093134977
6977
774.360601790318
637.1197415408265
6978
781.2784681409835
656.1438740051562
6979
783.0079347286498
673.4385398818197
6980
789.9258010793153
697.6510721091485
6981
791.6552676669814
725.3225375118099
6982
795.1142008423142
756.4529360898041
6983
800.3026006053133
780.6654683171328
6984
795.1142008423142
810.0664003074605
6985
800.3026006053133
846.3851986484538
6986
802.0320671929796
882.703996989447
6987
802.0320671929796
917.2933287427738
6988
805.4910003683124
948.423727320768
6989
802.0320671929796
977.8246593110957
6990
798.5731340176469
1022.7907905904206
6991
798.5731340176469
1060.8390555190801
0