1344
746.4766463286344
293.9008568750835
1345
742.3452843180382
316.6233479333624
1346
742.3452843180382
341.41151999693955
1347
740.2796033127402
362.0683300499204
1348
740.2796033127402
388.9221831187956
1349
738.2139223074421
411.64467417707453
1350
740.2796033127402
440.5642082512478
1351
740.2796033127402
469.4837423254211
1352
742.3452843180382
494.2719143889981
1353
746.4766463286344
527.3228104737676
1354
750.6080083392308
554.1766635426427
1355
760.9364133657211
589.2932406327103
1356
767.1334563816154
618.2127747068835
1357
775.3961804028077
657.4607138075472
1358
781.5932234187019
688.4459288870186
1359
791.9216284451925
729.7595489929804
1360
798.1186714610867
771.0731690989421
1361
800.1843524663848
808.2554271943077
1362
806.381395482279
855.7660903161639
1363
810.5127574928752
901.2110724327217
1364
816.7098005087696
946.6560545492798
1365
820.8411625193658
996.232398676434
1366
822.9068435246638
1047.8744238088861
0