6970
765.7132688519864
251.44869249123235
6971
762.2543356766537
270.47282495556215
6972
758.795402501321
289.4969574198918
6973
760.5248690889873
310.250556471888
6974
762.2543356766537
336.19255528688313
6975
763.98380226432
348.29882140054747
6976
762.2543356766537
370.7818870402099
6977
767.4427354396528
393.2649526798723
6978
777.8195349656507
405.37121879353674
6979
789.9258010793153
427.85428443319915
6980
793.3847342546478
445.1489503098626
6981
791.6552676669814
462.443616186526
6982
810.6794001313112
478.0088154755231
6983
821.0561996573094
491.8445481768538
6984
841.8097987093054
507.40974746585084
6985
852.1865982353036
519.5160135795153
6986
881.5875302256313
533.351746280846
6987
897.1527295146284
548.916945569843
6988
926.5536615049562
559.2937450958411
6989
955.9545934952839
562.7526782711737
6990
990.5439252486108
574.8589443848382
6991
1038.9689897032683
583.5062773231699
6992
1075.2877880442616
588.6946770861689
6993
1120.2539193235864
585.2357439108363
6994
1166.9495171905776
590.4241436738353
6995
1215.3745816452351
585.2357439108363
6996
1270.717512450558
585.2357439108363
6997
1320.8720434928819
580.0473441478372
6998
1369.2971079475394
576.5884109725046
6999
1429.8284385158613
581.7768107355035
7000
1490.3597690841834
567.9410780341728
7001
1545.7026998895062
564.4821448588401
1