6981
784.7374013163162
251.44869249123235
6982
777.8195349656507
286.0380242445592
6983
777.8195349656507
317.16842282255334
6984
772.6311352026519
351.7577545758802
6985
772.6311352026519
388.0765529168733
6986
770.9016686149855
427.85428443319915
6987
774.360601790318
460.71414959885965
6988
774.360601790318
486.6561484138548
6989
777.8195349656507
541.9990792191777
6990
783.0079347286498
576.5884109725046
6991
789.9258010793153
618.0956090764967
6992
795.1142008423142
657.8733405928226
6993
800.3026006053133
704.5689384598138
6994
807.2204669559785
756.4529360898041
6995
807.2204669559785
797.9601341937962
6996
805.4910003683124
856.7619981744518
6997
802.0320671929796
906.9165292167756
6998
800.3026006053133
958.8005268467659
6999
802.0320671929796
1008.9550578890899
7000
791.6552676669814
1055.650655756081
0