7016
724.2060707479943
265.28442519256305
7017
719.0176709849952
282.5790910692265
7018
713.8292712219961
296.4148237705572
7019
713.8292712219961
306.79162329655526
7020
710.3703380466636
320.62735599788596
7021
705.1819382836645
341.3809550498821
7022
705.1819382836645
358.67562092654555
7023
706.9114048713309
372.51135362787625
7024
701.7230051083318
393.2649526798723
7025
706.9114048713309
410.5596185565357
7026
699.9935385206654
429.5837510208655
7027
699.9935385206654
448.6078834851953
7028
693.0756721700002
464.1730827741924
7029
701.7230051083318
481.4677486508557
7030
699.9935385206654
500.4918811151855
7031
705.1819382836645
524.7044133425143
7032
715.5587378096625
543.7285458068441
7033
715.5587378096625
559.2937450958411
7034
717.2882043973289
588.6946770861689
7035
725.9355373356607
604.259876375166
7036
734.5828702739923
635.3902749531601
7037
743.2302032123239
649.2260076544909
7038
753.6070027383221
675.1680064694859
7039
762.2543356766537
697.6510721091485
7040
772.6311352026519
723.5930709241436
7041
781.2784681409835
756.4529360898041
7042
784.7374013163162
787.5833346677982
7043
789.9258010793153
811.7958668951269
7044
793.3847342546478
849.8441318237865
7045
798.5731340176469
874.0566640511151
7046
812.4088667189776
906.9165292167756
7047
827.9740660079747
943.2353275577689
7048
831.4329991833074
983.0130590740947
7049
846.9981984723045
1012.4139910644226
7050
857.3749979983024
1055.650655756081
0