7037
961.142993258283
1050.462255993082
7038
966.3313930212819
1015.8729242397552
7039
971.519792784281
977.8246593110957
7040
971.519792784281
925.9406616811054
7041
978.4376591349464
891.3513299277786
7042
976.7081925472801
855.0325315867855
7043
980.1671257226128
810.0664003074605
7044
981.896592310279
773.7476019664674
7045
976.7081925472801
725.3225375118099
7046
971.519792784281
694.1921389338157
7047
973.2492593719473
657.8733405928226
7048
973.2492593719473
626.7429420148284
7049
974.9787259596137
590.4241436738353
7050
969.7903261966146
557.5642785081748
7051
973.2492593719473
526.4338799301806
7052
974.9787259596137
476.2793488878567
7053
971.519792784281
455.52574983586067
7054
964.6019264336157
420.9364180825338
7055
955.9545934952839
394.99441926753866
7056
955.9545934952839
377.69975339087523
7057
952.4956603199512
350.02828798821383
7058
952.4956603199512
311.98002305955436
7059
943.8483273816196
287.7674908322256
7060
936.9304610309541
268.7433583678958
0