7045
1571.6446987045015
507.40974746585084
7046
1519.7607010745112
500.4918811151855
7047
1483.441902733518
497.0329479398529
7048
1443.6641712171922
491.8445481768538
7049
1409.0748394638654
486.6561484138548
7050
1365.8381747722067
471.09094912485773
7051
1336.437242781879
471.09094912485773
7052
1303.5773776162184
462.443616186526
7053
1281.0943119765561
458.9846830111933
7054
1249.963913398562
450.33735007286157
7055
1211.9156484699024
433.04268419619814
7056
1185.9736496549074
431.3132176085319
7057
1158.3021842522458
420.9364180825338
7058
1137.5485852002498
400.18281903053776
7059
1113.336052972921
388.0765529168733
7060
1085.6645875702595
384.6176197415406
7061
1061.4520553429309
370.7818870402099
7062
1037.239523115602
350.02828798821383
7063
1018.2153906512722
339.65148846221575
7064
1002.6501913622751
322.3568225855523
7065
992.2733918362771
305.0621567088889
7066
980.1671257226128
289.4969574198918
7067
966.3313930212819
280.8496244815601
7068
961.142993258283
268.7433583678958
7069
955.9545934952839
253.17815907889872
2