5259
980.1671257226128
1060.8390555190801
5260
981.896592310279
1015.8729242397552
5261
985.3555254856117
970.9067929604303
5262
994.0028584239435
927.6701282687718
5263
995.7323250116099
887.892396752446
5264
994.0028584239435
856.7619981744518
5265
992.2733918362771
815.2548000704596
5266
985.3555254856117
782.3949349047991
5267
983.6260588979453
749.5350697391386
5268
983.6260588979453
709.7573382228128
5269
976.7081925472801
683.8153394078176
5270
980.1671257226128
650.9554742421572
5271
978.4376591349464
623.2840088394958
5272
978.4376591349464
595.6125434368342
5273
980.1671257226128
557.5642785081748
5274
973.2492593719473
524.7044133425143
5275
971.519792784281
510.8686806411836
5276
966.3313930212819
481.4677486508557
5277
959.4135266706166
457.2552164235269
5278
952.4956603199512
434.7721507838645
5279
947.3072605569523
412.2890851442021
5280
942.1188607939532
389.8060195045397
5281
936.9304610309541
362.13455410187817
5282
933.4715278556216
339.65148846221575
5283
931.7420612679553
325.81575576088505
5284
931.7420612679553
298.14429035822354
5285
923.0947283296234
284.30855765689284
5286
923.0947283296234
261.82549201723043
0