7048
715.5587378096625
260.09602542956407
7049
713.8292712219961
272.2022915432284
7050
706.9114048713309
289.4969574198918
7051
706.9114048713309
303.33269012122264
7052
708.6408714589973
318.8978894102197
7053
706.9114048713309
341.3809550498821
7054
708.6408714589973
351.7577545758802
7055
706.9114048713309
362.13455410187817
7056
696.5346053453327
377.69975339087523
7057
705.1819382836645
391.53548609220604
7058
699.9935385206654
401.912285618204
7059
705.1819382836645
427.85428443319915
7060
703.4524716959982
434.7721507838645
7061
705.1819382836645
448.6078834851953
7062
701.7230051083318
467.632015949525
7063
703.4524716959982
479.73828206318944
7064
706.9114048713309
491.8445481768538
7065
705.1819382836645
509.1392140535172
7066
706.9114048713309
514.3276138165162
7067
708.6408714589973
524.7044133425143
7068
715.5587378096625
533.351746280846
7069
717.2882043973289
557.5642785081748
7070
725.9355373356607
569.6705446218391
7071
727.6650039233268
580.0473441478372
7072
729.3944705109932
597.3420100245006
7073
731.1239370986596
618.0956090764967
7074
736.3123368616587
631.9313417778275
7075
738.041803449325
650.9554742421572
7076
744.9596697999903
676.8974730571523
7077
751.8775361506557
687.2742725831504
7078
758.795402501321
709.7573382228128
7079
777.8195349656507
720.1341377488109
7080
784.7374013163162
742.6172033884733
7081
793.3847342546478
765.1002690281357
7082
800.3026006053133
777.2065351418
7083
810.6794001313112
799.6896007814626
7084
817.5972664819767
827.361066184124
7085
833.1624657709738
848.1146652361201
7086
845.2687318846381
868.8682642881163
7087
852.1865982353036
898.269196278444
7088
867.7517975243006
922.4817285057727
7089
878.1285970502986
946.6942607331016
7090
895.423262926962
983.0130590740947
7091
909.2589956282927
1008.9550578890899
7092
923.0947283296234
1036.6265232917513
7093
926.5536615049562
1064.2979886944127
0