7049
791.6552676669814
256.63709225423133
7050
788.1963344916489
277.3906913062275
7051
791.6552676669814
286.0380242445592
7052
784.7374013163162
305.0621567088889
7053
781.2784681409835
325.81575576088505
7054
774.360601790318
339.65148846221575
7055
774.360601790318
358.67562092654555
7056
772.6311352026519
375.970286803209
7057
777.8195349656507
400.18281903053776
7058
772.6311352026519
419.20695149486744
7059
776.0900683779844
438.23108395919724
7060
781.2784681409835
452.06681666052793
7061
783.0079347286498
474.54988230019035
7062
793.3847342546478
498.7624145275191
7063
805.4910003683124
517.7865469918489
7064
807.2204669559785
533.351746280846
7065
821.0561996573094
550.6464121575094
7066
827.9740660079747
574.8589443848382
7067
843.5392652969717
593.8830768491679
7068
846.9981984723045
623.2840088394958
7069
840.080332121639
656.1438740051562
7070
848.7276650599708
680.356406232485
7071
841.8097987093054
714.9457379858118
7072
834.8919323586401
721.8636043364772
7073
829.703532595641
752.9940029144714
7074
824.5151328326419
794.5012010184635
7075
821.0561996573094
825.6315995964576
7076
814.138333306644
863.6798645251172
7077
821.0561996573094
894.8102631031113
7078
812.4088667189776
920.7522619181065
7079
805.4910003683124
969.177326372764
7080
807.2204669559785
1008.9550578890899
7081
812.4088667189776
1043.5443896424167
7082
814.138333306644
1067.7569218697454
0