7072
705.1819382836645
267.0138917802294
7073
701.7230051083318
282.5790910692265
7074
698.2640719329991
301.6032235335563
7075
699.9935385206654
318.8978894102197
7076
705.1819382836645
336.19255528688313
7077
699.9935385206654
351.7577545758802
7078
705.1819382836645
370.7818870402099
7079
693.0756721700002
382.8881531538743
7080
691.3462055823338
400.18281903053776
7081
687.8872724070011
410.5596185565357
7082
684.4283392316684
429.5837510208655
7083
686.1578058193347
457.2552164235269
7084
689.6167389946675
484.9266818261884
7085
677.5104728810031
500.4918811151855
7086
675.7810062933368
521.2454801671817
7087
672.322073118004
540.2696126315113
7088
663.6747401796722
552.3758787451758
7089
658.4863404166733
576.5884109725046
7090
655.0274072413406
590.4241436738353
7091
648.1095408906751
604.259876375166
7092
639.4622079523435
625.0134754271621
7093
630.8148750140117
631.9313417778275
7094
615.2496757250146
656.1438740051562
7095
597.9550098483514
678.6269396448187
7096
570.2835444456898
683.8153394078176
7097
547.8004788060275
701.1100052844811
7098
521.8584799910325
708.0278716351464
7099
488.99861482537193
718.4046711611445
7100
459.59768283504405
725.3225375118099
7101
428.4672842570499
725.3225375118099
7102
385.23061956539146
742.6172033884733
7103
350.6412878120646
742.6172033884733
7104
310.86355629573876
744.3466699761397
7105
276.2742245424119
746.0761365638059
7106
238.22595961375242
749.5350697391386
7107
198.44822809742658
752.9940029144714
7108
146.5642304674364
754.7234695021377
7109
94.68023283744611
754.7234695021377
7110
49.714101558121286
758.1824026774703
2