7077
741.5007366246577
270.47282495556215
7078
738.041803449325
282.5790910692265
7079
738.041803449325
294.6853571828909
7080
734.5828702739923
315.438956234887
7081
738.041803449325
324.0862891732187
7082
738.041803449325
337.9220218745494
7083
739.7712700369914
351.7577545758802
7084
731.1239370986596
363.86402068954453
7085
732.8534036863259
382.8881531538743
7086
725.9355373356607
394.99441926753866
7087
722.476604160328
410.5596185565357
7088
722.476604160328
420.9364180825338
7089
722.476604160328
441.69001713452985
7090
724.2060707479943
450.33735007286157
7091
725.9355373356607
467.632015949525
7092
731.1239370986596
486.6561484138548
7093
731.1239370986596
497.0329479398529
7094
738.041803449325
510.8686806411836
7095
738.041803449325
519.5160135795153
7096
741.5007366246577
533.351746280846
7097
743.2302032123239
550.6464121575094
7098
743.2302032123239
569.6705446218391
7099
746.6891363876566
588.6946770861689
7100
746.6891363876566
609.448276138165
7101
755.3364693259884
637.1197415408265
7102
757.0659359136548
657.8733405928226
7103
757.0659359136548
671.7090732941533
7104
765.7132688519864
683.8153394078176
7105
776.0900683779844
704.5689384598138
7106
779.5490015533171
725.3225375118099
7107
779.5490015533171
744.3466699761397
7108
783.0079347286498
770.2886687911348
7109
779.5490015533171
792.7717344307972
7110
777.8195349656507
822.172666421125
7111
770.9016686149855
839.4673322977884
7112
767.4427354396528
877.5155972264479
7113
760.5248690889873
908.645995804442
7114
753.6070027383221
938.0469277947698
7115
743.2302032123239
979.5541258987621
7116
741.5007366246577
1003.7666581260908
7117
734.5828702739923
1041.8149230547504
7118
727.6650039233268
1069.4863884574117
0