1357
973.7015569114242
1031.3489757665016
1358
977.8329189220203
990.0353556605396
1359
977.8329189220203
948.7217355545779
1360
975.7672379167223
907.4081154486161
1361
973.7015569114242
874.3572193638466
1362
969.570194900828
833.0435992578848
1363
965.4388328902319
797.9270221678173
1364
957.1761088690396
760.7447640724517
1365
946.8477038425492
733.8909110035765
1366
938.5849798213567
696.7086529082109
1367
928.2565747948663
669.8547998393358
1368
919.993850773674
636.8039037545664
1369
911.7311267524815
607.8843696803931
1370
907.5997647418853
581.0305166115179
1371
903.4684027312892
556.2423445479408
1372
899.337040720693
527.3228104737676
1373
897.271359715395
504.60031941548857
1374
893.1399977047988
477.7464663466134
1375
891.0743166995007
455.02397528833444
1376
893.1399977047988
434.3671652353536
1377
891.0743166995007
407.5133121664784
1378
889.0086356942027
384.79082110819934
1379
886.9429546889046
366.19969206051655
1380
886.9429546889046
343.4772010022376
1381
884.8772736836065
322.82039094925665
1382
884.8772736836065
304.22926190157386
1383
884.8772736836065
283.572451848593
1384
884.8772736836065
264.9813228009102
0