5264
888.5053965762966
1038.3559898794176
5265
897.1527295146284
995.1193251877592
5266
897.1527295146284
953.612127083767
5267
895.423262926962
910.3754623921084
5268
900.6116626899611
858.4914647621181
5269
904.0705958652936
832.549465947123
5270
897.1527295146284
784.1244014924655
5271
900.6116626899611
751.264536326805
5272
898.8821961022948
718.4046711611445
5273
895.423262926962
671.7090732941533
5274
893.6937963392957
644.0376078914918
5275
891.9643297516293
604.259876375166
5276
891.9643297516293
573.1294777971718
5277
891.9643297516293
548.916945569843
5278
891.9643297516293
517.7865469918489
5279
895.423262926962
490.1150815891874
5280
890.2348631639629
457.2552164235269
5281
888.5053965762966
433.04268419619814
5282
890.2348631639629
408.83015196886936
5283
890.2348631639629
381.15868656620796
5284
893.6937963392957
358.67562092654555
5285
893.6937963392957
337.9220218745494
5286
890.2348631639629
308.5210898842216
5287
891.9643297516293
289.4969574198918
5288
891.9643297516293
270.47282495556215
0