1408
118.50962071801547
789.664298146625
1409
176.3486888663619
785.5329361360288
1410
236.2534380200065
777.2702121148363
1411
292.02682516305487
777.2702121148363
1412
349.8658933114014
769.007488093644
1413
405.63928045444976
764.8761260830479
1414
455.2156245816039
758.6790830671537
1415
506.8576497140561
748.3506780406632
1416
556.4339938412104
740.0879540194708
1417
606.0103379683644
733.8909110035765
1418
659.7180441061148
729.7595489929804
1419
709.2943882332688
719.4311439664899
1420
763.0020943710192
715.2997819558938
1421
814.6441195034715
709.1027389399994
1422
870.4175066465198
702.9056959241052
1423
926.1908937895682
698.774333913509
1424
981.9642809326167
692.5772908976147
1425
1039.803349080963
686.3802478817205
1426
1103.8394602452038
682.2488858711243
1427
1172.0069334200407
671.9204808446339
1428
1233.9773635789834
667.7891188340377
1429
1302.1448367538203
661.5920758181434
1430
1374.4436719392534
655.3950328022491
1431
1440.5454641087922
655.3950328022491
1432
1512.8442992942255
649.1979897863548
1433
1583.0774534743603
645.0666277757587
0