29
746.2362146050671
303.59816710859945
30
748.326523699847
318.2303307720597
31
746.2362146050671
337.04311262507997
32
746.2362146050671
353.7655853833203
33
746.2362146050671
370.4880581415605
34
746.2362146050671
391.39114908936085
35
750.4168327946272
408.11362184760117
36
752.5071418894072
422.7457855110614
37
760.8683782685273
445.73918555364173
38
767.1393055528674
460.37134921710197
39
775.5005419319875
477.0938219753423
40
785.9520874058878
491.7259856388025
41
796.4036328797879
506.35814930226275
42
815.2164147328083
523.080622060503
43
834.0291965858285
535.6224766291832
44
850.7516693440687
546.0740221030833
45
873.7450693866492
554.4352584822035
46
900.9190876187895
564.8868039561037
47
926.00279675615
573.2480403352238
48
953.1768149882905
581.6092767143439
49
978.2605241256508
587.880203998684
50
1003.3442332630111
592.0608221882441
51
1038.8794878742717
592.0608221882441
52
1076.5050515803123
594.151131283024
53
1107.859688002013
598.3317494725842
54
1145.4852517080535
598.3317494725842
55
1183.110815414094
598.3317494725842
56
1220.7363791201346
598.3317494725842
57
1260.4522519209554
596.2414403778041
58
1300.168124721776
594.151131283024
59
1337.7936884278165
592.0608221882441
60
1379.5998703234172
592.0608221882441
61
1421.406052219018
589.970513093464
62
1463.2122341146187
592.0608221882441
63
1505.0184160102192
589.970513093464
64
1551.00521609538
589.970513093464
65
1592.8113979909808
587.880203998684
1