1448
777.4618614081057
281.50677084329493
1449
775.3961804028077
298.03221888567964
1450
769.1991373869134
316.6233479333624
1451
767.1334563816154
337.2801579863433
1452
765.0677753763173
353.805606028728
1453
763.0020943710192
374.46241608170897
1454
760.9364133657211
395.1192261346898
1455
763.0020943710192
413.7103551823726
1456
760.9364133657211
434.3671652353536
1457
763.0020943710192
457.0896562936325
1458
763.0020943710192
475.6807853413153
1459
763.0020943710192
498.40327639959435
1460
765.0677753763173
521.1257674578733
1461
767.1334563816154
543.8482585161523
1462
769.1991373869134
568.6364305797293
1463
769.1991373869134
595.4902836486045
1464
771.2648183922115
618.2127747068835
1465
771.2648183922115
649.1979897863548
1466
771.2648183922115
671.9204808446339
1467
773.3304993975096
707.0370579347014
1468
773.3304993975096
735.9565920088746
1469
771.2648183922115
771.0731690989421
1470
771.2648183922115
804.1240651837115
1471
771.2648183922115
843.3720042843753
1472
769.1991373869134
876.4229003691447
1473
763.0020943710192
919.8022014804046
1474
760.9364133657211
956.9844595757702
1475
754.7393703498269
992.1010366658377
1476
750.6080083392308
1037.5460187823958
1477
742.3452843180382
1074.7282768777613
0