1463
765.0677753763173
281.50677084329493
1464
767.1334563816154
289.7694948644872
1465
767.1334563816154
300.0978998909777
1466
767.1334563816154
308.36062391217
1467
765.0677753763173
318.6890289386605
1468
765.0677753763173
326.9517529598529
1469
760.9364133657211
337.2801579863433
1470
760.9364133657211
345.5428820075357
1471
756.805051355125
355.8712870340262
1472
756.805051355125
364.1340110552185
1473
758.8707323604231
376.52809708700704
1474
754.7393703498269
388.9221831187956
1475
752.6736893445288
399.250588145286
1476
750.6080083392308
411.64467417707453
1477
750.6080083392308
421.973079203565
1478
750.6080083392308
432.3014842300554
1479
750.6080083392308
446.76125126714203
1480
750.6080083392308
459.1553372989306
1481
750.6080083392308
471.54942333071915
1482
750.6080083392308
479.81214735191156
1483
754.7393703498269
496.3375953942963
1484
754.7393703498269
506.66600042078665
1485
752.6736893445288
523.1914484631714
1486
752.6736893445288
535.5855344949599
1487
750.6080083392308
547.9796205267485
1488
750.6080083392308
564.5050685691332
1489
746.4766463286344
576.8991546009217
1490
744.4109653233363
593.4246026433065
1491
744.4109653233363
605.818688675095
1492
744.4109653233363
622.3441367174797
1493
748.5423273339327
638.8695847598644
1494
756.805051355125
655.3950328022491
1495
763.0020943710192
667.7891188340377
1496
765.0677753763173
688.4459288870186
1497
773.3304993975096
704.9713769294033
1498
777.4618614081057
723.5625059770861
1499
777.4618614081057
744.2193160300669
1500
775.3961804028077
764.8761260830479
1501
773.3304993975096
787.5986171413269
1502
773.3304993975096
806.1897461890096
1503
771.2648183922115
828.9122372472887
1504
775.3961804028077
853.7004093108658
1505
777.4618614081057
870.2258573532504
1506
781.5932234187019
895.0140294168275
1507
785.7245854292983
917.7365204751065
1508
787.7902664345963
940.4590115333855
1509
787.7902664345963
969.3785456075587
1510
789.8559474398944
994.1667176711358
1511
789.8559474398944
1025.151932750607
1512
785.7245854292983
1047.8744238088861
1513
783.6589044240002
1074.7282768777613
0