1484
791.9216284451925
289.7694948644872
1485
796.0529904557886
314.55766692806435
1486
796.0529904557886
339.34583899164136
1487
798.1186714610867
360.00264904462233
1488
798.1186714610867
386.8565021134975
1489
802.2500334716829
411.64467417707453
1490
802.2500334716829
440.5642082512478
1491
800.1843524663848
471.54942333071915
1492
802.2500334716829
498.40327639959435
1493
806.381395482279
529.3884914790657
1494
812.5784384981732
562.4393875638351
1495
820.8411625193658
597.5559646539026
1496
831.1695675458561
628.541179733374
1497
841.4979725723465
663.6577568234414
1498
849.760696593539
704.9713769294033
1499
849.760696593539
740.0879540194708
1500
849.760696593539
785.5329361360288
1501
847.6950155882407
826.8465562419906
1502
849.760696593539
870.2258573532504
1503
847.6950155882407
917.7365204751065
1504
843.5636535776446
969.3785456075587
1505
837.3666105617503
1018.9548897347129
1506
829.103886540558
1064.3998718512707
0