1505
740.2796033127402
289.7694948644872
1506
738.2139223074421
310.4263049174682
1507
740.2796033127402
333.14879597574713
1508
742.3452843180382
349.67424401813184
1509
744.4109653233363
374.46241608170897
1510
744.4109653233363
399.250588145286
1511
746.4766463286344
421.973079203565
1512
744.4109653233363
446.76125126714203
1513
744.4109653233363
473.6151043360172
1514
744.4109653233363
496.3375953942963
1515
744.4109653233363
527.3228104737676
1516
746.4766463286344
550.0453015320466
1517
748.5423273339327
581.0305166115179
1518
750.6080083392308
609.9500506856912
1519
752.6736893445288
645.0666277757587
1520
754.7393703498269
673.9861618499319
1521
754.7393703498269
713.2341009505957
1522
756.805051355125
746.284997035365
1523
760.9364133657211
787.5986171413269
1524
763.0020943710192
818.5838322207983
1525
771.2648183922115
853.7004093108658
1526
781.5932234187019
892.9483484115294
1527
787.7902664345963
928.0649255015969
1528
796.0529904557886
973.509907618155
1529
802.2500334716829
1008.6264847082225
1530
804.3157144769809
1052.0057858194823
0