1548
779.5275424134038
283.572451848593
1549
775.3961804028077
304.22926190157386
1550
775.3961804028077
324.88607195455484
1551
777.4618614081057
345.5428820075357
1552
781.5932234187019
364.1340110552185
1553
783.6589044240002
386.8565021134975
1554
785.7245854292983
409.57899317177646
1555
787.7902664345963
426.10444121416117
1556
791.9216284451925
452.95829428303637
1557
796.0529904557886
475.6807853413153
1558
806.381395482279
496.3375953942963
1559
824.9725245299619
519.0600864525752
1560
843.5636535776446
539.7168965055561
1561
872.4831876518178
558.308025553239
1562
907.5997647418853
572.7677925903256
1563
946.8477038425492
585.161878622114
1564
984.0299619379148
597.5559646539026
1565
1019.1465390279823
605.818688675095
1566
1058.394478128646
616.1470937015854
1567
1101.7737792399057
620.2784557121817
1568
1145.1530803511657
626.4754987280759
1569
1188.5323814624255
630.606860738672
1570
1238.1087255895795
634.7382227492682
1571
1287.6850697167338
643.0009467704606
1572
1339.3270948491859
645.0666277757587
1573
1388.90343897634
645.0666277757587
1574
1442.6111451140903
645.0666277757587
1575
1496.3188512518407
643.0009467704606
1576
1547.960876384293
638.8695847598644
1