1606
800.1843524663848
302.1635808962758
1607
800.1843524663848
326.9517529598529
1608
800.1843524663848
349.67424401813184
1609
800.1843524663848
376.52809708700704
1610
796.0529904557886
405.4476311611803
1611
796.0529904557886
432.3014842300554
1612
791.9216284451925
463.28669930952674
1613
789.8559474398944
490.14055237840194
1614
787.7902664345963
523.1914484631714
1615
785.7245854292983
552.1109825373446
1616
783.6589044240002
585.161878622114
1617
779.5275424134038
614.0814126962873
1618
775.3961804028077
651.263670791653
1619
773.3304993975096
682.2488858711243
1620
769.1991373869134
719.4311439664899
1621
765.0677753763173
750.4163590459613
1622
765.0677753763173
785.5329361360288
1623
760.9364133657211
816.5181512155001
1624
754.7393703498269
855.7660903161639
1625
750.6080083392308
892.9483484115294
1626
746.4766463286344
923.9335634910008
1627
746.4766463286344
967.3128646022607
1628
746.4766463286344
1002.4294416923282
1629
744.4109653233363
1047.8744238088861
0