1615
769.1991373869134
291.8351758697853
1616
767.1334563816154
318.6890289386605
1617
765.0677753763173
341.41151999693955
1618
765.0677753763173
364.1340110552185
1619
763.0020943710192
390.9878641240937
1620
765.0677753763173
413.7103551823726
1621
765.0677753763173
442.6298892565459
1622
765.0677753763173
467.418061320123
1623
765.0677753763173
494.2719143889981
1624
763.0020943710192
527.3228104737676
1625
756.805051355125
552.1109825373446
1626
750.6080083392308
583.096197616816
1627
744.4109653233363
612.0157316909892
1628
740.2796033127402
643.0009467704606
1629
736.148241302144
673.9861618499319
1630
734.0825602968459
709.1027389399994
1631
732.0168792915479
735.9565920088746
1632
732.0168792915479
775.2045311095383
1633
734.0825602968459
806.1897461890096
1634
734.0825602968459
845.4376852896734
1635
736.148241302144
878.4885813744428
1636
740.2796033127402
919.8022014804046
1637
744.4109653233363
961.1158215863663
1638
748.5423273339327
1000.3637606870301
1639
752.6736893445288
1045.808742803588
0