1619
895.2056787100969
1072.6625958724633
1620
876.614549662414
1039.6116997876939
1621
864.2204636306255
1012.7578467188187
1622
845.6293345829426
979.7069506340492
1623
835.3009295564523
950.787416559876
1624
824.9725245299619
925.9992444962988
1625
818.7754815140677
892.9483484115294
1626
816.7098005087696
868.1601763479523
1627
816.7098005087696
835.1092802631829
1628
814.6441195034715
810.3211081996059
1629
816.7098005087696
779.3358931201345
1630
818.7754815140677
754.5477210565574
1631
824.9725245299619
723.5625059770861
1632
833.2352485511542
696.7086529082109
1633
843.5636535776446
671.9204808446339
1634
855.9577396094332
645.0666277757587
1635
862.1547826253275
620.2784557121817
1636
870.4175066465198
593.4246026433065
1637
876.614549662414
570.7021115850274
1638
880.7459116730104
545.9139395214504
1639
886.9429546889046
521.1257674578733
1640
889.0086356942027
498.40327639959435
1641
891.0743166995007
473.6151043360172
1642
895.2056787100969
450.8926132777383
1643
897.271359715395
432.3014842300554
1644
899.337040720693
405.4476311611803
1645
901.4027217259911
384.79082110819934
1646
903.4684027312892
362.0683300499204
1647
903.4684027312892
343.4772010022376
1648
901.4027217259911
320.7547099439586
1649
901.4027217259911
302.1635808962758
1650
901.4027217259911
283.572451848593
1651
899.337040720693
262.91564179561215
0