1635
1574.814729453168
591.3589216380084
1636
1519.0413423101197
601.6873266644988
1637
1471.5306791882635
607.8843696803931
1638
1417.8229730505134
618.2127747068835
1639
1370.3123099286572
626.4754987280759
1640
1320.7359658015032
638.8695847598644
1641
1273.225302679647
649.1979897863548
1642
1227.7803205630892
661.5920758181434
1643
1186.4667004571274
676.05184285523
1644
1145.1530803511657
692.5772908976147
1645
1095.5767362240115
711.1684199452975
1646
1048.0660731021555
727.6938679876823
1647
1000.5554099802994
742.1536350247688
1648
946.8477038425492
758.6790830671537
1649
884.8772736836065
775.2045311095383
1650
824.9725245299619
789.664298146625
1651
767.1334563816154
797.9270221678173
1652
701.0316642120765
806.1897461890096
1653
634.9298720425377
816.5181512155001
1654
564.6967178624027
824.7808752366925
1655
490.3322016716714
830.9779182525867
1656
418.0333664862383
835.1092802631829
1657
347.80021230610333
839.240642273779
1658
275.50137712067016
841.3063232790772
1659
207.33390394583324
845.4376852896734
1660
135.03506876040018
843.3720042843753
1661
60.67055256966893
841.3063232790772
0