1683
866.2861446359236
1043.74306179829
1684
868.3518256412217
992.1010366658377
1685
876.614549662414
942.5246925386837
1686
884.8772736836065
886.7513053956352
1687
895.2056787100969
837.174961268481
1688
903.4684027312892
799.9927031731154
1689
913.7968077577796
754.5477210565574
1690
926.1908937895682
713.2341009505957
1691
932.3879368054625
671.9204808446339
1692
938.5849798213567
634.7382227492682
1693
942.7163418319528
603.7530076697968
1694
942.7163418319528
566.5707495744313
1695
944.7820228372509
541.7825775108543
1696
944.7820228372509
510.7973624313829
1697
942.7163418319528
486.0091903678058
1698
940.6506608266548
461.22101830422866
1699
934.4536178107605
440.5642082512478
1700
928.2565747948663
415.7760361876707
1701
924.1252127842702
395.1192261346898
1702
917.9281697683759
376.52809708700704
1703
909.6654457471834
355.8712870340262
1704
903.4684027312892
333.14879597574713
1705
899.337040720693
314.55766692806435
1706
897.271359715395
293.9008568750835
1707
893.1399977047988
273.2440468221025
0