39
769.2296146476474
293.1466216346993
40
767.1393055528674
309.8690943929396
41
767.1393055528674
330.77218534073995
42
767.1393055528674
347.49465809898015
43
765.0489964580875
368.3977490467805
44
765.0489964580875
389.3008399945809
45
767.1393055528674
410.20393094238113
46
769.2296146476474
433.1973309849616
47
769.2296146476474
452.01011283798186
48
762.9586873633073
475.0035128805622
49
762.9586873633073
497.99691292314253
50
756.6877600789674
523.080622060503
51
754.5974509841872
546.0740221030833
52
750.4168327946272
571.1577312404437
53
754.5974509841872
596.2414403778041
54
765.0489964580875
623.4154586099445
55
771.3199237424276
648.4991677473049
56
781.7714692163277
675.6731859794454
57
788.0423965006678
704.9375133063659
58
792.2230146902277
732.1115315385063
59
798.4939419745679
765.5564770549868
60
800.584251069348
794.8208043819072
61
804.764869258908
826.1754408036078
62
806.855178353688
863.8010045096484
63
806.855178353688
897.2459500261289
64
806.855178353688
930.6908955426095
65
806.855178353688
968.3164592486501
66
806.855178353688
1008.0323320494706
67
808.9454874484682
1049.8385139450713
0