1700
793.9873094504906
289.7694948644872
1701
787.7902664345963
308.36062391217
1702
779.5275424134038
326.9517529598529
1703
773.3304993975096
343.4772010022376
1704
767.1334563816154
362.0683300499204
1705
763.0020943710192
380.6594590976032
1706
760.9364133657211
401.31626915058405
1707
760.9364133657211
424.0387602088631
1708
760.9364133657211
446.76125126714203
1709
763.0020943710192
467.418061320123
1710
765.0677753763173
488.07487137310386
1711
767.1334563816154
512.863043436681
1712
769.1991373869134
537.651215500258
1713
771.2648183922115
558.308025553239
1714
775.3961804028077
587.2275596274121
1715
781.5932234187019
612.0157316909892
1716
787.7902664345963
643.0009467704606
1717
793.9873094504906
669.8547998393358
1718
800.1843524663848
698.774333913509
1719
798.1186714610867
729.7595489929804
1720
800.1843524663848
769.007488093644
1721
800.1843524663848
797.9270221678173
1722
796.0529904557886
835.1092802631829
1723
796.0529904557886
872.2915383585486
1724
796.0529904557886
913.6051584645104
1725
791.9216284451925
950.787416559876
1726
783.6589044240002
990.0353556605396
1727
777.4618614081057
1037.5460187823958
1728
773.3304993975096
1074.7282768777613
0