1702
1585.1431344796586
550.0453015320466
1703
1533.5011093472062
545.9139395214504
1704
1477.727722204158
541.7825775108543
1705
1428.1513780770038
537.651215500258
1706
1376.5093529445514
531.4541724843638
1707
1328.9986898226955
529.3884914790657
1708
1283.5537077061376
521.1257674578733
1709
1236.0430445842815
516.9944054472771
1710
1194.7294244783197
512.863043436681
1711
1157.5471663829542
502.5346384101905
1712
1120.3649082875886
496.3375953942963
1713
1083.182650192223
486.0091903678058
1714
1048.0660731021555
479.81214735191156
1715
1017.0808580226842
467.418061320123
1716
988.1613239485109
450.8926132777383
1717
971.6358759061261
436.43284624065166
1718
955.1104278637415
421.973079203565
1719
944.7820228372509
403.38195015588224
1720
938.5849798213567
382.72514010290126
1721
934.4536178107605
366.19969206051655
1722
928.2565747948663
345.5428820075357
1723
919.993850773674
324.88607195455484
1724
915.8624887630779
308.36062391217
1725
909.6654457471834
289.7694948644872
1726
903.4684027312892
269.11268481150637
2