1743
767.1334563816154
295.96653788038157
1744
763.0020943710192
310.4263049174682
1745
756.805051355125
322.82039094925665
1746
752.6736893445288
337.2801579863433
1747
752.6736893445288
349.67424401813184
1748
748.5423273339327
366.19969206051655
1749
746.4766463286344
384.79082110819934
1750
744.4109653233363
399.250588145286
1751
748.5423273339327
413.7103551823726
1752
752.6736893445288
430.2358032247573
1753
756.805051355125
446.76125126714203
1754
765.0677753763173
465.3523803148249
1755
771.2648183922115
479.81214735191156
1756
785.7245854292983
496.3375953942963
1757
806.381395482279
510.7973624313829
1758
827.03820553526
525.2571294684694
1759
849.760696593539
537.651215500258
1760
878.6802306677121
550.0453015320466
1761
903.4684027312892
562.4393875638351
1762
940.6506608266548
576.8991546009217
1763
977.8329189220203
587.2275596274121
1764
1012.949496012088
595.4902836486045
1765
1050.1317541074536
603.7530076697968
1766
1087.3140122028192
612.0157316909892
1767
1130.693313314079
618.2127747068835
1768
1172.0069334200407
622.3441367174797
1769
1215.3862345313007
626.4754987280759
1770
1260.8312166478586
628.541179733374
1771
1308.3418797697145
630.606860738672
1772
1353.7868618862726
630.606860738672
1773
1397.1661629975324
628.541179733374
1774
1442.6111451140903
620.2784557121817
1775
1488.0561272306484
616.1470937015854
1776
1533.5011093472062
612.0157316909892
1777
1581.0117724690624
607.8843696803931
1