1748
773.3304993975096
289.7694948644872
1749
773.3304993975096
306.29494290687194
1750
773.3304993975096
318.6890289386605
1751
773.3304993975096
337.2801579863433
1752
773.3304993975096
349.67424401813184
1753
775.3961804028077
364.1340110552185
1754
777.4618614081057
376.52809708700704
1755
781.5932234187019
397.1849071399879
1756
781.5932234187019
409.57899317177646
1757
783.6589044240002
428.17012221945924
1758
779.5275424134038
446.76125126714203
1759
781.5932234187019
465.3523803148249
1760
779.5275424134038
481.87782835720964
1761
779.5275424134038
502.5346384101905
1762
779.5275424134038
525.2571294684694
1763
779.5275424134038
541.7825775108543
1764
779.5275424134038
566.5707495744313
1765
779.5275424134038
591.3589216380084
1766
781.5932234187019
612.0157316909892
1767
781.5932234187019
636.8039037545664
1768
785.7245854292983
665.7234378287395
1769
789.8559474398944
692.5772908976147
1770
796.0529904557886
725.6281869823842
1771
800.1843524663848
752.4820400512593
1772
806.381395482279
789.664298146625
1773
810.5127574928752
820.6495132260964
1774
812.5784384981732
855.7660903161639
1775
812.5784384981732
897.0797104221256
1776
810.5127574928752
932.1962875121931
1777
808.4470764875771
977.6412696287512
1778
804.3157144769809
1016.8892087294148
1779
798.1186714610867
1058.2028288353765
0