1752
777.4618614081057
281.50677084329493
1753
775.3961804028077
298.03221888567964
1754
777.4618614081057
316.6233479333624
1755
775.3961804028077
329.017433965151
1756
771.2648183922115
345.5428820075357
1757
771.2648183922115
360.00264904462233
1758
771.2648183922115
378.5937780923051
1759
767.1334563816154
393.05354512939175
1760
769.1991373869134
407.5133121664784
1761
767.1334563816154
426.10444121416117
1762
765.0677753763173
444.69557026184395
1763
767.1334563816154
469.4837423254211
1764
765.0677753763173
488.07487137310386
1765
765.0677753763173
510.7973624313829
1766
765.0677753763173
537.651215500258
1767
769.1991373869134
556.2423445479408
1768
771.2648183922115
583.096197616816
1769
775.3961804028077
603.7530076697968
1770
777.4618614081057
628.541179733374
1771
783.6589044240002
659.5263948128453
1772
787.7902664345963
680.1832048658262
1773
793.9873094504906
709.1027389399994
1774
798.1186714610867
738.0222730141727
1775
800.1843524663848
771.0731690989421
1776
806.381395482279
804.1240651837115
1777
812.5784384981732
843.3720042843753
1778
818.7754815140677
874.3572193638466
1779
831.1695675458561
915.6708394698085
1780
843.5636535776446
954.9187785704721
1781
858.0234206147313
985.9039936499435
1782
868.3518256412217
1029.2832947612033
1783
876.614549662414
1064.3998718512707
0