1767
750.6080083392308
289.7694948644872
1768
744.4109653233363
312.4919859227663
1769
740.2796033127402
329.017433965151
1770
738.2139223074421
349.67424401813184
1771
734.0825602968459
368.26537306581463
1772
732.0168792915479
388.9221831187956
1773
729.9511982862498
409.57899317177646
1774
727.8855172809517
430.2358032247573
1775
725.8198362756536
450.8926132777383
1776
723.7541552703556
473.6151043360172
1777
723.7541552703556
492.2062333837
1778
725.8198362756536
519.0600864525752
1779
727.8855172809517
541.7825775108543
1780
732.0168792915479
566.5707495744313
1781
734.0825602968459
593.4246026433065
1782
738.2139223074421
618.2127747068835
1783
740.2796033127402
649.1979897863548
1784
740.2796033127402
673.9861618499319
1785
738.2139223074421
707.0370579347014
1786
738.2139223074421
735.9565920088746
1787
736.148241302144
769.007488093644
1788
734.0825602968459
799.9927031731154
1789
732.0168792915479
835.1092802631829
1790
729.9511982862498
866.0944953426542
1791
725.8198362756536
905.342434443318
1792
723.7541552703556
936.3276495227893
1793
719.6227932597594
977.6412696287512
1794
717.5571122544613
1010.6921657135206
1795
711.3600692385669
1047.8744238088861
0