1768
814.6441195034715
287.70381385918915
1769
816.7098005087696
306.29494290687194
1770
816.7098005087696
324.88607195455484
1771
814.6441195034715
347.60856301283377
1772
816.7098005087696
370.3310540711127
1773
814.6441195034715
390.9878641240937
1774
816.7098005087696
409.57899317177646
1775
814.6441195034715
436.43284624065166
1776
814.6441195034715
455.02397528833444
1777
812.5784384981732
481.87782835720964
1778
810.5127574928752
510.7973624313829
1779
810.5127574928752
535.5855344949599
1780
808.4470764875771
560.373706558537
1781
806.381395482279
591.3589216380084
1782
806.381395482279
618.2127747068835
1783
810.5127574928752
651.263670791653
1784
810.5127574928752
678.1175238605281
1785
814.6441195034715
715.2997819558938
1786
814.6441195034715
746.284997035365
1787
816.7098005087696
785.5329361360288
1788
814.6441195034715
822.7151942313944
1789
812.5784384981732
861.9631333320581
1790
802.2500334716829
911.5394774592123
1791
791.9216284451925
956.9844595757702
1792
783.6589044240002
1000.3637606870301
1793
771.2648183922115
1052.0057858194823
0