1773
779.5275424134038
281.50677084329493
1774
781.5932234187019
304.22926190157386
1775
785.7245854292983
331.08311497044906
1776
787.7902664345963
351.7399250234299
1777
791.9216284451925
378.5937780923051
1778
793.9873094504906
405.4476311611803
1779
796.0529904557886
430.2358032247573
1780
798.1186714610867
457.0896562936325
1781
802.2500334716829
481.87782835720964
1782
804.3157144769809
514.928724441979
1783
806.381395482279
539.7168965055561
1784
808.4470764875771
570.7021115850274
1785
812.5784384981732
599.6216456592007
1786
816.7098005087696
626.4754987280759
1787
818.7754815140677
657.4607138075472
1788
822.9068435246638
684.3145668764224
1789
824.9725245299619
719.4311439664899
1790
827.03820553526
750.4163590459613
1791
829.103886540558
787.5986171413269
1792
829.103886540558
816.5181512155001
1793
827.03820553526
855.7660903161639
1794
829.103886540558
895.0140294168275
1795
827.03820553526
930.130606506895
1796
824.9725245299619
973.509907618155
1797
822.9068435246638
1014.8235277241167
1798
827.03820553526
1054.0714668247804
0