1791
83.39304362794797
795.8613411625192
1792
110.24689669682306
791.7299791519231
1793
139.16643077099633
789.664298146625
1794
163.95460283457345
789.664298146625
1795
197.00549891934287
785.5329361360288
1796
221.79367098291988
787.5986171413269
1797
254.8445670676893
787.5986171413269
1798
283.76410114186257
785.5329361360288
1799
312.68363521603584
779.3358931201345
1800
339.5374882849109
779.3358931201345
1801
368.4570223590842
773.1388501042402
1802
397.37655643325746
769.007488093644
1803
420.0990474915364
762.8104450777498
1804
446.9529005604116
756.6134020618556
1805
471.7410726239886
750.4163590459613
1806
492.3978826769696
742.1536350247688
1807
513.0546927299504
735.9565920088746
1808
527.5144597670371
727.6938679876823
1809
546.1055888147198
723.5625059770861
1810
562.6310368571046
715.2997819558938
1811
572.959441883595
704.9713769294033
1812
589.4848899259798
694.6429719029128
1813
603.9446569630663
684.3145668764224
1814
616.338742994855
676.05184285523
1815
630.7985100319415
659.5263948128453
1816
643.19259606373
645.0666277757587
1817
651.4553200849225
632.6725417439701
1818
661.7837251114129
612.0157316909892
1819
672.1121301379033
593.4246026433065
1820
680.3748541590955
576.8991546009217
1821
690.7032591855861
558.308025553239
1822
696.9003022014804
539.7168965055561
1823
705.1630262226727
523.1914484631714
1824
715.491431249163
504.60031941548857
1825
723.7541552703556
488.07487137310386
1826
734.0825602968459
467.418061320123
1827
744.4109653233363
450.8926132777383
1828
754.7393703498269
434.3671652353536
1829
765.0677753763173
417.8417171929689
1830
771.2648183922115
399.250588145286
1831
777.4618614081057
382.72514010290126
1832
785.7245854292983
368.26537306581463
1833
789.8559474398944
351.7399250234299
1834
793.9873094504906
337.2801579863433
1835
798.1186714610867
320.7547099439586
1836
802.2500334716829
310.4263049174682
1837
804.3157144769809
298.03221888567964
1838
804.3157144769809
283.572451848593
1839
804.3157144769809
271.17836581680444
1840
804.3157144769809
258.7842797850159
1