1795
740.2796033127402
277.3754088326988
1796
738.2139223074421
289.7694948644872
1797
740.2796033127402
304.22926190157386
1798
738.2139223074421
318.6890289386605
1799
740.2796033127402
333.14879597574713
1800
740.2796033127402
347.60856301283377
1801
740.2796033127402
366.19969206051655
1802
742.3452843180382
384.79082110819934
1803
742.3452843180382
401.31626915058405
1804
744.4109653233363
415.7760361876707
1805
746.4766463286344
434.3671652353536
1806
746.4766463286344
448.8269322724402
1807
748.5423273339327
467.418061320123
1808
750.6080083392308
481.87782835720964
1809
750.6080083392308
496.3375953942963
1810
752.6736893445288
510.7973624313829
1811
756.805051355125
527.3228104737676
1812
758.8707323604231
537.651215500258
1813
763.0020943710192
554.1766635426427
1814
769.1991373869134
570.7021115850274
1815
771.2648183922115
587.2275596274121
1816
777.4618614081057
605.818688675095
1817
781.5932234187019
622.3441367174797
1818
787.7902664345963
645.0666277757587
1819
791.9216284451925
665.7234378287395
1820
798.1186714610867
688.4459288870186
1821
806.381395482279
711.1684199452975
1822
812.5784384981732
735.9565920088746
1823
816.7098005087696
762.8104450777498
1824
818.7754815140677
789.664298146625
1825
824.9725245299619
818.5838322207983
1826
831.1695675458561
851.6347283055677
1827
835.3009295564523
880.554262379741
1828
843.5636535776446
913.6051584645104
1829
847.6950155882407
938.3933305280874
1830
855.9577396094332
971.4442266128568
1831
864.2204636306255
996.232398676434
1832
874.5488686571159
1029.2832947612033
1833
886.9429546889046
1052.0057858194823
0