85
767.1393055528674
280.6047670660191
86
765.0489964580875
301.5078580138195
87
767.1393055528674
334.9528035303
88
765.0489964580875
357.94620357288034
89
762.9586873633073
387.2105308998008
90
762.9586873633073
410.20393094238113
91
762.9586873633073
437.37794917452163
92
760.8683782685273
462.46165831188205
93
758.7780691737473
485.4550583544624
94
754.5974509841872
506.35814930226275
95
750.4168327946272
533.5321675344031
96
746.2362146050671
552.3449493874234
97
742.0555964155071
579.5189676195638
98
739.9652873207269
602.5123676621442
99
733.6943600363868
631.7766949890647
100
731.6040509416068
658.9507132212051
101
729.5137418468269
681.9441132637854
102
731.6040509416068
713.298749685486
103
731.6040509416068
740.4727679176265
104
733.6943600363868
771.8274043393269
105
733.6943600363868
805.2723498558074
106
731.6040509416068
836.626986277508
107
731.6040509416068
872.1622408887686
108
729.5137418468269
911.8781136895891
109
725.3331236572667
949.5036773956297
110
719.0621963729266
991.3098592912304
111
710.7009599938065
1037.296659376391
0