1803
763.0020943710192
273.2440468221025
1804
760.9364133657211
281.50677084329493
1805
760.9364133657211
295.96653788038157
1806
763.0020943710192
306.29494290687194
1807
760.9364133657211
320.7547099439586
1808
763.0020943710192
333.14879597574713
1809
763.0020943710192
345.5428820075357
1810
765.0677753763173
355.8712870340262
1811
763.0020943710192
368.26537306581463
1812
765.0677753763173
382.72514010290126
1813
765.0677753763173
395.1192261346898
1814
767.1334563816154
409.57899317177646
1815
765.0677753763173
426.10444121416117
1816
765.0677753763173
442.6298892565459
1817
765.0677753763173
457.0896562936325
1818
763.0020943710192
475.6807853413153
1819
763.0020943710192
490.14055237840194
1820
763.0020943710192
508.7316814260847
1821
763.0020943710192
527.3228104737676
1822
765.0677753763173
545.9139395214504
1823
765.0677753763173
562.4393875638351
1824
767.1334563816154
585.161878622114
1825
767.1334563816154
603.7530076697968
1826
771.2648183922115
624.4098177227778
1827
775.3961804028077
647.1323087810567
1828
777.4618614081057
665.7234378287395
1829
783.6589044240002
688.4459288870186
1830
787.7902664345963
713.2341009505957
1831
791.9216284451925
731.8252299982785
1832
793.9873094504906
754.5477210565574
1833
796.0529904557886
781.4015741254326
1834
796.0529904557886
802.0583841784135
1835
796.0529904557886
826.8465562419906
1836
793.9873094504906
849.5690473002696
1837
787.7902664345963
868.1601763479523
1838
781.5932234187019
890.8826674062313
1839
779.5275424134038
915.6708394698085
1840
773.3304993975096
934.2619685174911
1841
769.1991373869134
956.9844595757702
1842
765.0677753763173
977.6412696287512
1843
760.9364133657211
998.298079681732
1844
754.7393703498269
1023.086251745309
1845
752.6736893445288
1047.8744238088861
1846
748.5423273339327
1066.465552856569
0