1833
742.3452843180382
281.50677084329493
1834
740.2796033127402
295.96653788038157
1835
738.2139223074421
312.4919859227663
1836
734.0825602968459
331.08311497044906
1837
732.0168792915479
347.60856301283377
1838
727.8855172809517
362.0683300499204
1839
725.8198362756536
380.6594590976032
1840
719.6227932597594
397.1849071399879
1841
715.491431249163
413.7103551823726
1842
713.425750243865
432.3014842300554
1843
707.2287072279707
452.95829428303637
1844
703.0973452173746
469.4837423254211
1845
698.9659832067784
486.0091903678058
1846
696.9003022014804
506.66600042078665
1847
690.7032591855861
527.3228104737676
1848
686.57189717499
541.7825775108543
1849
684.5062161696919
560.373706558537
1850
684.5062161696919
578.9648356062198
1851
682.4405351643939
599.6216456592007
1852
684.5062161696919
616.1470937015854
1853
684.5062161696919
630.606860738672
1854
684.5062161696919
649.1979897863548
1855
682.4405351643939
665.7234378287395
1856
682.4405351643939
682.2488858711243
1857
682.4405351643939
698.774333913509
1858
680.3748541590955
713.2341009505957
1859
680.3748541590955
729.7595489929804
1860
682.4405351643939
740.0879540194708
1861
686.57189717499
756.6134020618556
1862
688.6375781802881
766.941807088346
1863
692.7689401908842
783.4672551307307
1864
698.9659832067784
791.7299791519231
1865
701.0316642120765
808.2554271943077
1866
705.1630262226727
824.7808752366925
1867
709.2943882332688
845.4376852896734
1868
715.491431249163
864.0288143373562
1869
721.6884742650575
892.9483484115294
1870
727.8855172809517
915.6708394698085
1871
729.9511982862498
942.5246925386837
1872
734.0825602968459
969.3785456075587
1873
734.0825602968459
996.232398676434
1874
734.0825602968459
1027.2176137559052
1875
734.0825602968459
1052.0057858194823
1876
732.0168792915479
1074.7282768777613
0