1850
1562.4206434213795
525.2571294684694
1851
1516.9756613048216
523.1914484631714
1852
1473.5963601935616
523.1914484631714
1853
1430.2170590823018
519.0600864525752
1854
1388.90343897634
514.928724441979
1855
1349.6554998756765
506.66600042078665
1856
1312.473241780311
502.5346384101905
1857
1277.3566646902434
490.14055237840194
1858
1246.371449610772
479.81214735191156
1859
1211.2548725207046
467.418061320123
1860
1182.3353384465313
457.0896562936325
1861
1155.481485377656
440.5642082512478
1862
1126.5619513034828
432.3014842300554
1863
1099.7080982346076
415.7760361876707
1864
1074.9199261710305
399.250588145286
1865
1052.1974351127517
382.72514010290126
1866
1035.6719870703669
366.19969206051655
1867
1023.2779010385784
349.67424401813184
1868
1012.949496012088
331.08311497044906
1869
1000.5554099802994
314.55766692806435
1870
992.2926859591071
298.03221888567964
1871
986.0956429432129
277.3754088326988
1872
977.8329189220203
262.91564179561215
2