1909
748.5423273339327
293.9008568750835
1910
750.6080083392308
306.29494290687194
1911
748.5423273339327
320.7547099439586
1912
746.4766463286344
333.14879597574713
1913
744.4109653233363
347.60856301283377
1914
744.4109653233363
357.93696803932426
1915
742.3452843180382
372.3967350764109
1916
740.2796033127402
384.79082110819934
1917
740.2796033127402
401.31626915058405
1918
740.2796033127402
411.64467417707453
1919
740.2796033127402
428.17012221945924
1920
740.2796033127402
442.6298892565459
1921
740.2796033127402
457.0896562936325
1922
742.3452843180382
469.4837423254211
1923
746.4766463286344
481.87782835720964
1924
750.6080083392308
492.2062333837
1925
756.805051355125
504.60031941548857
1926
763.0020943710192
514.928724441979
1927
769.1991373869134
527.3228104737676
1928
777.4618614081057
535.5855344949599
1929
791.9216284451925
541.7825775108543
1930
808.4470764875771
547.9796205267485
1931
824.9725245299619
554.1766635426427
1932
841.4979725723465
558.308025553239
1933
862.1547826253275
566.5707495744313
1934
880.7459116730104
568.6364305797293
1935
901.4027217259911
574.8334735956237
1936
919.993850773674
574.8334735956237
1937
934.4536178107605
578.9648356062198
1938
950.9790658531454
581.0305166115179
1939
961.3074708796357
585.161878622114
1940
977.8329189220203
589.2932406327103
1941
992.2926859591071
595.4902836486045
1942
1010.8838150067897
597.5559646539026
1943
1029.4749440544726
597.5559646539026
1944
1050.1317541074536
605.818688675095
1945
1074.9199261710305
605.818688675095
1946
1099.7080982346076
607.8843696803931
1947
1132.758994319377
609.9500506856912
1948
1163.7442093988484
612.0157316909892
1949
1196.7951054836178
612.0157316909892
1950
1231.9116825736853
612.0157316909892
1951
1271.159621674349
614.0814126962873
1952
1308.3418797697145
614.0814126962873
1953
1347.5898188703784
614.0814126962873
1954
1386.837757971042
612.0157316909892
1955
1430.2170590823018
614.0814126962873
1956
1471.5306791882635
616.1470937015854
1957
1514.9099802995236
616.1470937015854
1958
1562.4206434213795
614.0814126962873
1