1927
789.8559474398944
279.44108983799686
1928
791.9216284451925
295.96653788038157
1929
789.8559474398944
312.4919859227663
1930
789.8559474398944
329.017433965151
1931
787.7902664345963
345.5428820075357
1932
785.7245854292983
362.0683300499204
1933
783.6589044240002
380.6594590976032
1934
781.5932234187019
399.250588145286
1935
777.4618614081057
415.7760361876707
1936
775.3961804028077
434.3671652353536
1937
773.3304993975096
455.02397528833444
1938
769.1991373869134
473.6151043360172
1939
767.1334563816154
496.3375953942963
1940
765.0677753763173
516.9944054472771
1941
760.9364133657211
537.651215500258
1942
756.805051355125
560.373706558537
1943
752.6736893445288
585.161878622114
1944
750.6080083392308
607.8843696803931
1945
746.4766463286344
630.606860738672
1946
746.4766463286344
659.5263948128453
1947
744.4109653233363
682.2488858711243
1948
744.4109653233363
713.2341009505957
1949
742.3452843180382
738.0222730141727
1950
740.2796033127402
769.007488093644
1951
736.148241302144
793.7956601572212
1952
732.0168792915479
828.9122372472887
1953
727.8855172809517
857.8317713214619
1954
725.8198362756536
890.8826674062313
1955
723.7541552703556
919.8022014804046
1956
719.6227932597594
954.9187785704721
1957
717.5571122544613
983.8383126446454
1958
713.425750243865
1018.9548897347129
1959
711.3600692385669
1049.9401048141842
0