1940
1558.2892814107834
516.9944054472771
1941
1523.1727043207159
512.863043436681
1942
1490.1218082359464
508.7316814260847
1943
1459.136593156475
502.5346384101905
1944
1426.0856970717057
498.40327639959435
1945
1390.9691199816382
490.14055237840194
1946
1359.9839049021668
481.87782835720964
1947
1324.8673278120993
477.7464663466134
1948
1293.882112732628
469.4837423254211
1949
1262.8968976531567
459.1553372989306
1950
1233.9773635789834
455.02397528833444
1951
1207.1235105101082
444.69557026184395
1952
1180.2696574412332
440.5642082512478
1953
1159.6128473882522
428.17012221945924
1954
1132.758994319377
419.90739819826695
1955
1114.1678652716944
409.57899317177646
1956
1095.5767362240115
399.250588145286
1957
1081.116969186925
388.9221831187956
1958
1068.7228831551363
378.5937780923051
1959
1054.2631161180498
364.1340110552185
1960
1041.869030086261
353.805606028728
1961
1027.4092630491746
339.34583899164136
1962
1015.0151770173861
322.82039094925665
1963
1004.6867719908955
314.55766692806435
1964
992.2926859591071
298.03221888567964
1965
981.9642809326167
283.572451848593
1966
973.7015569114242
267.0470038062083
2