1949
789.8559474398944
275.3097278274006
1950
787.7902664345963
287.70381385918915
1951
785.7245854292983
306.29494290687194
1952
783.6589044240002
326.9517529598529
1953
777.4618614081057
345.5428820075357
1954
775.3961804028077
364.1340110552185
1955
769.1991373869134
382.72514010290126
1956
765.0677753763173
403.38195015588224
1957
760.9364133657211
421.973079203565
1958
754.7393703498269
442.6298892565459
1959
748.5423273339327
467.418061320123
1960
742.3452843180382
486.0091903678058
1961
738.2139223074421
512.863043436681
1962
734.0825602968459
535.5855344949599
1963
732.0168792915479
556.2423445479408
1964
732.0168792915479
583.096197616816
1965
732.0168792915479
605.818688675095
1966
734.0825602968459
628.541179733374
1967
738.2139223074421
655.3950328022491
1968
740.2796033127402
680.1832048658262
1969
742.3452843180382
707.0370579347014
1970
742.3452843180382
731.8252299982785
1971
740.2796033127402
766.941807088346
1972
738.2139223074421
793.7956601572212
1973
736.148241302144
826.8465562419906
1974
734.0825602968459
855.7660903161639
1975
734.0825602968459
892.9483484115294
1976
732.0168792915479
921.8678824857027
1977
732.0168792915479
959.0501405810683
1978
727.8855172809517
990.0353556605396
1979
721.6884742650575
1023.086251745309
1980
713.425750243865
1056.1371478300784
0