1956
1006.7524529961936
1054.0714668247804
1957
1006.7524529961936
1014.8235277241167
1958
1008.8181340014917
977.6412696287512
1959
1008.8181340014917
946.6560545492798
1960
1015.0151770173861
903.2767534380199
1961
1019.1465390279823
870.2258573532504
1962
1023.2779010385784
833.0435992578848
1963
1025.3435820438765
806.1897461890096
1964
1029.4749440544726
777.2702121148363
1965
1029.4749440544726
754.5477210565574
1966
1029.4749440544726
725.6281869823842
1967
1031.5406250597707
700.8400149188071
1968
1031.5406250597707
684.3145668764224
1969
1031.5406250597707
669.8547998393358
1970
1027.4092630491746
651.263670791653
1971
1025.3435820438765
636.8039037545664
1972
1023.2779010385784
630.606860738672
1973
1021.2122200332803
622.3441367174797
1974
1019.1465390279823
609.9500506856912
1975
1017.0808580226842
601.6873266644988
1976
1010.8838150067897
593.4246026433065
1977
1010.8838150067897
585.161878622114
1978
1008.8181340014917
576.8991546009217
1979
1006.7524529961936
570.7021115850274
1980
1004.6867719908955
562.4393875638351
1981
1004.6867719908955
556.2423445479408
1982
1004.6867719908955
545.9139395214504
1983
1004.6867719908955
537.651215500258
1984
1004.6867719908955
527.3228104737676
1985
1002.6210909855974
516.9944054472771
1986
1002.6210909855974
506.66600042078665
1987
1002.6210909855974
496.3375953942963
1988
1002.6210909855974
486.0091903678058
1989
1002.6210909855974
473.6151043360172
1990
1000.5554099802994
465.3523803148249
1991
1000.5554099802994
452.95829428303637
1992
996.4240479697032
444.69557026184395
1993
994.3583669644051
434.3671652353536
1994
990.227004953809
426.10444121416117
1995
986.0956429432129
417.8417171929689
1996
981.9642809326167
405.4476311611803
1997
975.7672379167223
397.1849071399879
1998
973.7015569114242
388.9221831187956
1999
971.6358759061261
380.6594590976032
2000
967.50451389553
368.26537306581463
2001
963.3731518849338
355.8712870340262
2002
959.2417898743377
349.67424401813184
2003
957.1761088690396
339.34583899164136
2004
950.9790658531454
331.08311497044906
2005
944.7820228372509
318.6890289386605
2006
942.7163418319528
312.4919859227663
2007
934.4536178107605
300.0978998909777
2008
930.3222558001644
287.70381385918915
2009
926.1908937895682
277.3754088326988
2010
926.1908937895682
267.0470038062083
0