1975
756.805051355125
273.2440468221025
1976
756.805051355125
283.572451848593
1977
754.7393703498269
289.7694948644872
1978
752.6736893445288
298.03221888567964
1979
752.6736893445288
306.29494290687194
1980
754.7393703498269
312.4919859227663
1981
756.805051355125
318.6890289386605
1982
758.8707323604231
333.14879597574713
1983
760.9364133657211
341.41151999693955
1984
760.9364133657211
349.67424401813184
1985
763.0020943710192
360.00264904462233
1986
758.8707323604231
368.26537306581463
1987
756.805051355125
378.5937780923051
1988
754.7393703498269
386.8565021134975
1989
754.7393703498269
399.250588145286
1990
752.6736893445288
409.57899317177646
1991
752.6736893445288
419.90739819826695
1992
752.6736893445288
430.2358032247573
1993
752.6736893445288
440.5642082512478
1994
752.6736893445288
448.8269322724402
1995
752.6736893445288
461.22101830422866
1996
748.5423273339327
471.54942333071915
1997
748.5423273339327
479.81214735191156
1998
750.6080083392308
488.07487137310386
1999
748.5423273339327
502.5346384101905
2000
746.4766463286344
510.7973624313829
2001
744.4109653233363
521.1257674578733
2002
738.2139223074421
527.3228104737676
2003
736.148241302144
537.651215500258
2004
729.9511982862498
541.7825775108543
2005
725.8198362756536
550.0453015320466
2006
723.7541552703556
558.308025553239
2007
721.6884742650575
564.5050685691332
2008
721.6884742650575
568.6364305797293
2009
723.7541552703556
574.8334735956237
2010
729.9511982862498
583.096197616816
2011
732.0168792915479
591.3589216380084
2012
736.148241302144
601.6873266644988
2013
742.3452843180382
607.8843696803931
2014
746.4766463286344
618.2127747068835
2015
750.6080083392308
626.4754987280759
2016
756.805051355125
636.8039037545664
2017
758.8707323604231
651.263670791653
2018
763.0020943710192
665.7234378287395
2019
767.1334563816154
678.1175238605281
2020
771.2648183922115
694.6429719029128
2021
773.3304993975096
709.1027389399994
2022
777.4618614081057
727.6938679876823
2023
777.4618614081057
746.284997035365
2024
779.5275424134038
766.941807088346
2025
781.5932234187019
783.4672551307307
2026
783.6589044240002
804.1240651837115
2027
787.7902664345963
826.8465562419906
2028
791.9216284451925
851.6347283055677
2029
796.0529904557886
872.2915383585486
2030
802.2500334716829
899.1453914274236
2031
808.4470764875771
923.9335634910008
2032
814.6441195034715
948.7217355545779
2033
827.03820553526
977.6412696287512
2034
833.2352485511542
1000.3637606870301
2035
845.6293345829426
1031.3489757665016
2036
858.0234206147313
1058.2028288353765
0