1975
829.103886540558
271.17836581680444
1976
827.03820553526
283.572451848593
1977
827.03820553526
295.96653788038157
1978
827.03820553526
308.36062391217
1979
827.03820553526
318.6890289386605
1980
829.103886540558
335.2144769810452
1981
827.03820553526
347.60856301283377
1982
827.03820553526
360.00264904462233
1983
822.9068435246638
376.52809708700704
1984
820.8411625193658
386.8565021134975
1985
822.9068435246638
405.4476311611803
1986
824.9725245299619
419.90739819826695
1987
827.03820553526
432.3014842300554
1988
831.1695675458561
444.69557026184395
1989
829.103886540558
457.0896562936325
1990
824.9725245299619
471.54942333071915
1991
831.1695675458561
488.07487137310386
1992
827.03820553526
502.5346384101905
1993
827.03820553526
519.0600864525752
1994
824.9725245299619
535.5855344949599
1995
829.103886540558
550.0453015320466
1996
829.103886540558
564.5050685691332
1997
833.2352485511542
583.096197616816
1998
833.2352485511542
601.6873266644988
1999
837.3666105617503
620.2784557121817
2000
833.2352485511542
643.0009467704606
2001
829.103886540558
661.5920758181434
2002
827.03820553526
684.3145668764224
2003
820.8411625193658
707.0370579347014
2004
812.5784384981732
727.6938679876823
2005
804.3157144769809
750.4163590459613
2006
796.0529904557886
775.2045311095383
2007
785.7245854292983
793.7956601572212
2008
777.4618614081057
820.6495132260964
2009
769.1991373869134
849.5690473002696
2010
763.0020943710192
872.2915383585486
2011
752.6736893445288
899.1453914274236
2012
744.4109653233363
923.9335634910008
2013
738.2139223074421
954.9187785704721
2014
736.148241302144
983.8383126446454
2015
736.148241302144
1010.6921657135206
2016
746.4766463286344
1041.677380792992
2017
748.5423273339327
1068.5312338618671
0