133
1528.0118160527995
560.7061857665435
134
1479.934706872859
566.9771130508836
135
1429.767288598138
573.2480403352238
136
1385.8707976077574
579.5189676195638
137
1337.7936884278165
581.6092767143439
138
1295.987506532216
589.970513093464
139
1252.0910155418353
600.4220585673642
140
1206.1042154566744
604.6026767569242
141
1158.0271062767338
612.9639131360444
142
1116.220924381133
619.2348404203844
143
1068.1438152011922
625.5057677047246
144
1030.5182514951516
635.9573131786248
145
986.6217605047709
642.2282404629649
146
938.5446513248303
648.4991677473049
147
890.4675421448894
654.770095031645
148
840.3001238701686
665.2216405055452
149
792.2230146902277
675.6731859794454
150
750.4168327946272
684.0344223585655
151
698.1591054251264
698.6665860220257
152
645.9013780556254
717.479367875046
153
602.0048870652447
730.0212224437262
154
551.8374687905239
746.7436952019665
155
495.39912323146297
759.2855497706466
156
443.14139586196217
771.8274043393269
157
390.88366849246137
784.3692589080072
158
332.35501383862044
788.5498770975671
159
275.9166682795595
792.7304952871273
160
221.5686318152786
792.7304952871273
161
165.13028625621774
794.8208043819072
162
112.87255888671683
796.9111134766873
163
52.25359513809593
799.0014225714674
0