1979
775.3961804028077
277.3754088326988
1980
777.4618614081057
285.6381328538911
1981
777.4618614081057
295.96653788038157
1982
781.5932234187019
302.1635808962758
1983
783.6589044240002
312.4919859227663
1984
785.7245854292983
322.82039094925665
1985
785.7245854292983
329.017433965151
1986
783.6589044240002
341.41151999693955
1987
783.6589044240002
347.60856301283377
1988
787.7902664345963
355.8712870340262
1989
789.8559474398944
364.1340110552185
1990
791.9216284451925
376.52809708700704
1991
793.9873094504906
386.8565021134975
1992
793.9873094504906
395.1192261346898
1993
798.1186714610867
397.1849071399879
1994
798.1186714610867
409.57899317177646
1995
800.1843524663848
417.8417171929689
1996
804.3157144769809
428.17012221945924
1997
804.3157144769809
438.49852724594973
1998
802.2500334716829
450.8926132777383
1999
804.3157144769809
463.28669930952674
2000
800.1843524663848
475.6807853413153
2001
802.2500334716829
479.81214735191156
2002
808.4470764875771
490.14055237840194
2003
812.5784384981732
496.3375953942963
2004
816.7098005087696
500.4689574048924
2005
820.8411625193658
506.66600042078665
2006
824.9725245299619
506.66600042078665
2007
827.03820553526
512.863043436681
2008
831.1695675458561
516.9944054472771
2009
833.2352485511542
521.1257674578733
2010
837.3666105617503
523.1914484631714
2011
839.4322915670484
531.4541724843638
2012
841.4979725723465
537.651215500258
2013
847.6950155882407
543.8482585161523
2014
853.8920586041352
554.1766635426427
2015
860.0891016200294
562.4393875638351
2016
862.1547826253275
572.7677925903256
2017
866.2861446359236
585.161878622114
2018
870.4175066465198
597.5559646539026
2019
872.4831876518178
609.9500506856912
2020
872.4831876518178
626.4754987280759
2021
872.4831876518178
640.9352657651625
2022
870.4175066465198
657.4607138075472
2023
870.4175066465198
673.9861618499319
2024
866.2861446359236
692.5772908976147
2025
866.2861446359236
711.1684199452975
2026
866.2861446359236
729.7595489929804
2027
864.2204636306255
744.2193160300669
2028
864.2204636306255
766.941807088346
2029
860.0891016200294
785.5329361360288
2030
858.0234206147313
804.1240651837115
2031
855.9577396094332
826.8465562419906
2032
851.8263775988371
845.4376852896734
2033
851.8263775988371
866.0944953426542
2034
851.8263775988371
892.9483484115294
2035
851.8263775988371
917.7365204751065
2036
853.8920586041352
938.3933305280874
2037
853.8920586041352
965.2471835969625
2038
858.0234206147313
987.9696746552415
2039
860.0891016200294
1010.6921657135206
2040
862.1547826253275
1029.2832947612033
2041
860.0891016200294
1047.8744238088861
2042
860.0891016200294
1066.465552856569
0