1979
814.6441195034715
267.0470038062083
1980
816.7098005087696
279.44108983799686
1981
818.7754815140677
293.9008568750835
1982
816.7098005087696
300.0978998909777
1983
816.7098005087696
316.6233479333624
1984
816.7098005087696
329.017433965151
1985
816.7098005087696
345.5428820075357
1986
816.7098005087696
355.8712870340262
1987
814.6441195034715
366.19969206051655
1988
814.6441195034715
380.6594590976032
1989
812.5784384981732
395.1192261346898
1990
810.5127574928752
409.57899317177646
1991
808.4470764875771
426.10444121416117
1992
808.4470764875771
436.43284624065166
1993
806.381395482279
450.8926132777383
1994
804.3157144769809
467.418061320123
1995
798.1186714610867
477.7464663466134
1996
798.1186714610867
492.2062333837
1997
791.9216284451925
504.60031941548857
1998
789.8559474398944
512.863043436681
1999
781.5932234187019
519.0600864525752
2000
773.3304993975096
535.5855344949599
2001
769.1991373869134
543.8482585161523
2002
767.1334563816154
547.9796205267485
2003
765.0677753763173
547.9796205267485
2004
765.0677753763173
547.9796205267485
2005
763.0020943710192
547.9796205267485
2006
763.0020943710192
545.9139395214504
2007
765.0677753763173
550.0453015320466
2008
765.0677753763173
550.0453015320466
2009
765.0677753763173
550.0453015320466
2010
763.0020943710192
556.2423445479408
2011
763.0020943710192
558.308025553239
2012
767.1334563816154
562.4393875638351
2013
769.1991373869134
568.6364305797293
2014
771.2648183922115
572.7677925903256
2015
777.4618614081057
581.0305166115179
2016
779.5275424134038
587.2275596274121
2017
781.5932234187019
597.5559646539026
2018
783.6589044240002
601.6873266644988
2019
787.7902664345963
612.0157316909892
2020
791.9216284451925
618.2127747068835
2021
793.9873094504906
630.606860738672
2022
796.0529904557886
645.0666277757587
2023
798.1186714610867
655.3950328022491
2024
798.1186714610867
665.7234378287395
2025
798.1186714610867
682.2488858711243
2026
798.1186714610867
698.774333913509
2027
798.1186714610867
715.2997819558938
2028
796.0529904557886
731.8252299982785
2029
793.9873094504906
752.4820400512593
2030
789.8559474398944
773.1388501042402
2031
785.7245854292983
793.7956601572212
2032
783.6589044240002
812.386789204904
2033
779.5275424134038
835.1092802631829
2034
775.3961804028077
855.7660903161639
2035
773.3304993975096
880.554262379741
2036
769.1991373869134
907.4081154486161
2037
767.1334563816154
930.130606506895
2038
767.1334563816154
961.1158215863663
2039
765.0677753763173
987.9696746552415
2040
765.0677753763173
1018.9548897347129
2041
760.9364133657211
1047.8744238088861
2042
763.0020943710192
1074.7282768777613
0