1986
760.9364133657211
281.50677084329493
1987
756.805051355125
293.9008568750835
1988
754.7393703498269
306.29494290687194
1989
752.6736893445288
316.6233479333624
1990
750.6080083392308
326.9517529598529
1991
750.6080083392308
339.34583899164136
1992
750.6080083392308
349.67424401813184
1993
750.6080083392308
364.1340110552185
1994
748.5423273339327
376.52809708700704
1995
746.4766463286344
388.9221831187956
1996
742.3452843180382
405.4476311611803
1997
740.2796033127402
415.7760361876707
1998
740.2796033127402
426.10444121416117
1999
738.2139223074421
438.49852724594973
2000
740.2796033127402
446.76125126714203
2001
738.2139223074421
457.0896562936325
2002
738.2139223074421
467.418061320123
2003
734.0825602968459
473.6151043360172
2004
732.0168792915479
483.9435093625077
2005
727.8855172809517
492.2062333837
2006
713.425750243865
500.4689574048924
2007
713.425750243865
508.7316814260847
2008
711.3600692385669
519.0600864525752
2009
707.2287072279707
529.3884914790657
2010
707.2287072279707
537.651215500258
2011
701.0316642120765
552.1109825373446
2012
690.7032591855861
564.5050685691332
2013
680.3748541590955
578.9648356062198
2014
674.1778111432013
595.4902836486045
2015
674.1778111432013
612.0157316909892
2016
674.1778111432013
630.606860738672
2017
676.2434921484994
651.263670791653
2018
680.3748541590955
667.7891188340377
2019
682.4405351643939
686.3802478817205
2020
682.4405351643939
707.0370579347014
2021
682.4405351643939
725.6281869823842
2022
682.4405351643939
746.284997035365
2023
684.5062161696919
769.007488093644
2024
688.6375781802881
789.664298146625
2025
694.8346211961823
806.1897461890096
2026
707.2287072279707
826.8465562419906
2027
713.425750243865
849.5690473002696
2028
719.6227932597594
870.2258573532504
2029
725.8198362756536
897.0797104221256
2030
734.0825602968459
921.8678824857027
2031
742.3452843180382
954.9187785704721
2032
752.6736893445288
983.8383126446454
2033
760.9364133657211
1014.8235277241167
2034
769.1991373869134
1047.8744238088861
2035
775.3961804028077
1074.7282768777613
0