1991
814.6441195034715
283.572451848593
1992
814.6441195034715
295.96653788038157
1993
814.6441195034715
306.29494290687194
1994
816.7098005087696
316.6233479333624
1995
818.7754815140677
329.017433965151
1996
818.7754815140677
341.41151999693955
1997
814.6441195034715
349.67424401813184
1998
816.7098005087696
360.00264904462233
1999
812.5784384981732
372.3967350764109
2000
810.5127574928752
382.72514010290126
2001
810.5127574928752
395.1192261346898
2002
810.5127574928752
405.4476311611803
2003
810.5127574928752
415.7760361876707
2004
812.5784384981732
426.10444121416117
2005
812.5784384981732
434.3671652353536
2006
814.6441195034715
438.49852724594973
2007
814.6441195034715
446.76125126714203
2008
812.5784384981732
452.95829428303637
2009
812.5784384981732
457.0896562936325
2010
812.5784384981732
467.418061320123
2011
810.5127574928752
473.6151043360172
2012
812.5784384981732
481.87782835720964
2013
814.6441195034715
486.0091903678058
2014
818.7754815140677
492.2062333837
2015
824.9725245299619
496.3375953942963
2016
833.2352485511542
502.5346384101905
2017
835.3009295564523
506.66600042078665
2018
847.6950155882407
514.928724441979
2019
858.0234206147313
523.1914484631714
2020
868.3518256412217
529.3884914790657
2021
882.8115926783084
535.5855344949599
2022
893.1399977047988
543.8482585161523
2023
907.5997647418853
550.0453015320466
2024
924.1252127842702
558.308025553239
2025
938.5849798213567
566.5707495744313
2026
959.2417898743377
570.7021115850274
2027
984.0299619379148
578.9648356062198
2028
1010.8838150067897
578.9648356062198
2029
1037.737668075665
585.161878622114
2030
1068.7228831551363
587.2275596274121
2031
1101.7737792399057
587.2275596274121
2032
1136.8903563299732
587.2275596274121
2033
1174.0726144253388
585.161878622114
2034
1209.1891915154063
581.0305166115179
2035
1250.5028116213682
576.8991546009217
2036
1293.882112732628
574.8334735956237
2037
1333.1300518332916
572.7677925903256
2038
1376.5093529445514
566.5707495744313
2039
1413.6916110399172
564.5050685691332
2040
1455.005231145879
562.4393875638351
2041
1496.3188512518407
562.4393875638351
2042
1539.6981523631005
566.5707495744313
2043
1585.1431344796586
566.5707495744313
1