1997
785.7245854292983
285.6381328538911
1998
783.6589044240002
298.03221888567964
1999
777.4618614081057
312.4919859227663
2000
773.3304993975096
320.7547099439586
2001
771.2648183922115
331.08311497044906
2002
769.1991373869134
343.4772010022376
2003
767.1334563816154
353.805606028728
2004
765.0677753763173
364.1340110552185
2005
767.1334563816154
372.3967350764109
2006
769.1991373869134
382.72514010290126
2007
767.1334563816154
397.1849071399879
2008
767.1334563816154
405.4476311611803
2009
765.0677753763173
413.7103551823726
2010
765.0677753763173
424.0387602088631
2011
758.8707323604231
432.3014842300554
2012
758.8707323604231
442.6298892565459
2013
756.805051355125
450.8926132777383
2014
754.7393703498269
459.1553372989306
2015
754.7393703498269
467.418061320123
2016
752.6736893445288
473.6151043360172
2017
750.6080083392308
477.7464663466134
2018
748.5423273339327
486.0091903678058
2019
748.5423273339327
494.2719143889981
2020
744.4109653233363
502.5346384101905
2021
740.2796033127402
508.7316814260847
2022
738.2139223074421
514.928724441979
2023
736.148241302144
525.2571294684694
2024
740.2796033127402
535.5855344949599
2025
740.2796033127402
541.7825775108543
2026
738.2139223074421
554.1766635426427
2027
738.2139223074421
568.6364305797293
2028
740.2796033127402
583.096197616816
2029
744.4109653233363
597.5559646539026
2030
746.4766463286344
609.9500506856912
2031
746.4766463286344
624.4098177227778
2032
748.5423273339327
640.9352657651625
2033
752.6736893445288
659.5263948128453
2034
754.7393703498269
676.05184285523
2035
758.8707323604231
694.6429719029128
2036
763.0020943710192
715.2997819558938
2037
765.0677753763173
733.8909110035765
2038
765.0677753763173
754.5477210565574
2039
769.1991373869134
781.4015741254326
2040
769.1991373869134
799.9927031731154
2041
769.1991373869134
822.7151942313944
2042
771.2648183922115
847.5033662949714
2043
773.3304993975096
866.0944953426542
2044
777.4618614081057
892.9483484115294
2045
779.5275424134038
915.6708394698085
2046
779.5275424134038
934.2619685174911
2047
779.5275424134038
959.0501405810683
2048
777.4618614081057
979.7069506340492
2049
777.4618614081057
998.298079681732
2050
777.4618614081057
1023.086251745309
2051
777.4618614081057
1043.74306179829
2052
779.5275424134038
1064.3998718512707
0