2004
763.0020943710192
287.70381385918915
2005
760.9364133657211
298.03221888567964
2006
760.9364133657211
312.4919859227663
2007
756.805051355125
322.82039094925665
2008
754.7393703498269
335.2144769810452
2009
750.6080083392308
345.5428820075357
2010
746.4766463286344
355.8712870340262
2011
746.4766463286344
364.1340110552185
2012
742.3452843180382
376.52809708700704
2013
740.2796033127402
382.72514010290126
2014
738.2139223074421
393.05354512939175
2015
734.0825602968459
403.38195015588224
2016
725.8198362756536
419.90739819826695
2017
717.5571122544613
432.3014842300554
2018
705.1630262226727
448.8269322724402
2019
698.9659832067784
461.22101830422866
2020
692.7689401908842
475.6807853413153
2021
686.57189717499
494.2719143889981
2022
682.4405351643939
516.9944054472771
2023
680.3748541590955
535.5855344949599
2024
674.1778111432013
558.308025553239
2025
672.1121301379033
581.0305166115179
2026
672.1121301379033
601.6873266644988
2027
674.1778111432013
628.541179733374
2028
674.1778111432013
651.263670791653
2029
676.2434921484994
673.9861618499319
2030
676.2434921484994
700.8400149188071
2031
676.2434921484994
725.6281869823842
2032
678.3091731537975
748.3506780406632
2033
680.3748541590955
773.1388501042402
2034
680.3748541590955
797.9270221678173
2035
682.4405351643939
822.7151942313944
2036
686.57189717499
851.6347283055677
2037
686.57189717499
872.2915383585486
2038
686.57189717499
899.1453914274236
2039
686.57189717499
921.8678824857027
2040
688.6375781802881
944.5903735439817
2041
688.6375781802881
967.3128646022607
2042
690.7032591855861
992.1010366658377
2043
690.7032591855861
1012.7578467188187
2044
694.8346211961823
1039.6116997876939
2045
696.9003022014804
1062.334190845973
0