1986
822.9068435246638
1074.7282768777613
1987
814.6441195034715
1033.4146567717994
1988
812.5784384981732
1002.4294416923282
1989
812.5784384981732
961.1158215863663
1990
814.6441195034715
928.0649255015969
1991
818.7754815140677
890.8826674062313
1992
829.103886540558
861.9631333320581
1993
837.3666105617503
826.8465562419906
1994
847.6950155882407
799.9927031731154
1995
858.0234206147313
764.8761260830479
1996
868.3518256412217
740.0879540194708
1997
884.8772736836065
709.1027389399994
1998
897.271359715395
682.2488858711243
1999
905.5340837365873
653.3293517969511
2000
915.8624887630779
628.541179733374
2001
924.1252127842702
599.6216456592007
2002
930.3222558001644
574.8334735956237
2003
932.3879368054625
550.0453015320466
2004
934.4536178107605
527.3228104737676
2005
932.3879368054625
504.60031941548857
2006
932.3879368054625
481.87782835720964
2007
926.1908937895682
457.0896562936325
2008
922.0595317789721
436.43284624065166
2009
917.9281697683759
415.7760361876707
2010
915.8624887630779
397.1849071399879
2011
909.6654457471834
380.6594590976032
2012
907.5997647418853
357.93696803932426
2013
901.4027217259911
343.4772010022376
2014
899.337040720693
324.88607195455484
2015
895.2056787100969
310.4263049174682
2016
895.2056787100969
295.96653788038157
2017
893.1399977047988
281.50677084329493
2018
891.0743166995007
267.0470038062083
2019
889.0086356942027
256.7185987797178
0