2053
734.0825602968459
279.44108983799686
2054
736.148241302144
302.1635808962758
2055
736.148241302144
318.6890289386605
2056
738.2139223074421
339.34583899164136
2057
736.148241302144
353.805606028728
2058
738.2139223074421
372.3967350764109
2059
742.3452843180382
388.9221831187956
2060
744.4109653233363
407.5133121664784
2061
742.3452843180382
424.0387602088631
2062
746.4766463286344
440.5642082512478
2063
744.4109653233363
459.1553372989306
2064
742.3452843180382
475.6807853413153
2065
740.2796033127402
494.2719143889981
2066
740.2796033127402
514.928724441979
2067
740.2796033127402
533.5198534896618
2068
736.148241302144
547.9796205267485
2069
732.0168792915479
570.7021115850274
2070
723.7541552703556
591.3589216380084
2071
715.491431249163
609.9500506856912
2072
709.2943882332688
628.541179733374
2073
701.0316642120765
653.3293517969511
2074
698.9659832067784
673.9861618499319
2075
692.7689401908842
696.7086529082109
2076
690.7032591855861
721.496824971788
2077
690.7032591855861
746.284997035365
2078
688.6375781802881
775.2045311095383
2079
690.7032591855861
797.9270221678173
2080
694.8346211961823
826.8465562419906
2081
696.9003022014804
855.7660903161639
2082
701.0316642120765
880.554262379741
2083
701.0316642120765
915.6708394698085
2084
705.1630262226727
940.4590115333855
2085
709.2943882332688
975.5755886234531
2086
713.425750243865
1004.4951226976262
2087
719.6227932597594
1037.5460187823958
2088
723.7541552703556
1068.5312338618671
0