2059
990.227004953809
1056.1371478300784
2060
990.227004953809
1012.7578467188187
2061
990.227004953809
975.5755886234531
2062
988.1613239485109
940.4590115333855
2063
981.9642809326167
903.2767534380199
2064
979.8985999273184
870.2258573532504
2065
969.570194900828
833.0435992578848
2066
961.3074708796357
806.1897461890096
2067
955.1104278637415
775.2045311095383
2068
944.7820228372509
748.3506780406632
2069
940.6506608266548
717.3654629611918
2070
936.5192988160586
694.6429719029128
2071
930.3222558001644
669.8547998393358
2072
924.1252127842702
649.1979897863548
2073
922.0595317789721
632.6725417439701
2074
913.7968077577796
614.0814126962873
2075
909.6654457471834
595.4902836486045
2076
903.4684027312892
574.8334735956237
2077
901.4027217259911
560.373706558537
2078
899.337040720693
541.7825775108543
2079
895.2056787100969
521.1257674578733
2080
891.0743166995007
504.60031941548857
2081
889.0086356942027
490.14055237840194
2082
886.9429546889046
473.6151043360172
2083
884.8772736836065
455.02397528833444
2084
884.8772736836065
440.5642082512478
2085
886.9429546889046
424.0387602088631
2086
886.9429546889046
405.4476311611803
2087
886.9429546889046
393.05354512939175
2088
886.9429546889046
376.52809708700704
2089
886.9429546889046
362.0683300499204
2090
886.9429546889046
347.60856301283377
2091
886.9429546889046
335.2144769810452
2092
886.9429546889046
322.82039094925665
2093
886.9429546889046
312.4919859227663
2094
886.9429546889046
304.22926190157386
2095
886.9429546889046
291.8351758697853
2096
886.9429546889046
277.3754088326988
2097
886.9429546889046
267.0470038062083
0