2095
1581.0117724690624
521.1257674578733
2096
1541.7638333683988
519.0600864525752
2097
1502.515894267735
516.9944054472771
2098
1469.4649981829655
512.863043436681
2099
1436.414102098196
508.7316814260847
2100
1401.2975250081286
506.66600042078665
2101
1374.4436719392534
506.66600042078665
2102
1351.7211808809745
506.66600042078665
2103
1326.9330088173974
504.60031941548857
2104
1300.0791557485222
504.60031941548857
2105
1273.225302679647
510.7973624313829
2106
1248.4371306160701
510.7973624313829
2107
1223.648958552493
510.7973624313829
2108
1198.860786488916
512.863043436681
2109
1176.1382954306368
512.863043436681
2110
1149.2844423617619
512.863043436681
2111
1126.5619513034828
512.863043436681
2112
1105.9051412505019
508.7316814260847
2113
1089.3796932081173
502.5346384101905
2114
1070.7885641604344
498.40327639959435
2115
1054.2631161180498
492.2062333837
2116
1041.869030086261
486.0091903678058
2117
1029.4749440544726
477.7464663466134
2118
1019.1465390279823
471.54942333071915
2119
1006.7524529961936
461.22101830422866
2120
994.3583669644051
450.8926132777383
2121
988.1613239485109
442.6298892565459
2122
973.7015569114242
432.3014842300554
2123
965.4388328902319
417.8417171929689
2124
953.0447468584434
407.5133121664784
2125
942.7163418319528
393.05354512939175
2126
932.3879368054625
380.6594590976032
2127
922.0595317789721
368.26537306581463
2128
907.5997647418853
351.7399250234299
2129
899.337040720693
339.34583899164136
2130
893.1399977047988
324.88607195455484
2131
886.9429546889046
310.4263049174682
2132
886.9429546889046
295.96653788038157
2133
880.7459116730104
283.572451848593
2134
876.614549662414
271.17836581680444
2135
874.5488686571159
258.7842797850159
2