155
758.7780691737473
309.8690943929396
156
748.326523699847
337.04311262507997
157
744.1459055102871
360.0365126676604
158
737.874978225947
385.1202218050207
159
739.9652873207269
410.20393094238113
160
737.874978225947
439.4682582693016
161
737.874978225947
462.46165831188205
162
739.9652873207269
491.7259856388025
163
742.0555964155071
523.080622060503
164
744.1459055102871
550.2546402926434
165
742.0555964155071
585.7898949039039
166
744.1459055102871
617.1445313256045
167
744.1459055102871
652.679785936865
168
744.1459055102871
686.1247314533456
169
744.1459055102871
721.6599860646061
170
752.5071418894072
767.6467861497669
171
754.5974509841872
807.3626589505875
172
760.8683782685273
849.1688408461881
173
769.2296146476474
893.0653318365688
174
779.6811601215477
932.7812046373895
175
796.4036328797879
980.8583138173302
176
808.9454874484682
1026.845113902491
177
823.5776511119284
1074.9222230824316
0