2108
796.0529904557886
283.572451848593
2109
789.8559474398944
302.1635808962758
2110
785.7245854292983
324.88607195455484
2111
781.5932234187019
347.60856301283377
2112
779.5275424134038
368.26537306581463
2113
779.5275424134038
395.1192261346898
2114
777.4618614081057
415.7760361876707
2115
775.3961804028077
444.69557026184395
2116
773.3304993975096
471.54942333071915
2117
769.1991373869134
494.2719143889981
2118
765.0677753763173
525.2571294684694
2119
765.0677753763173
550.0453015320466
2120
763.0020943710192
585.161878622114
2121
763.0020943710192
612.0157316909892
2122
763.0020943710192
649.1979897863548
2123
767.1334563816154
678.1175238605281
2124
773.3304993975096
717.3654629611918
2125
783.6589044240002
750.4163590459613
2126
793.9873094504906
785.5329361360288
2127
798.1186714610867
818.5838322207983
2128
808.4470764875771
855.7660903161639
2129
812.5784384981732
890.8826674062313
2130
808.4470764875771
923.9335634910008
2131
814.6441195034715
961.1158215863663
2132
824.9725245299619
994.1667176711358
2133
837.3666105617503
1033.4146567717994
2134
843.5636535776446
1066.465552856569
0