2110
771.2648183922115
275.3097278274006
2111
767.1334563816154
295.96653788038157
2112
763.0020943710192
314.55766692806435
2113
758.8707323604231
337.2801579863433
2114
756.805051355125
353.805606028728
2115
754.7393703498269
372.3967350764109
2116
750.6080083392308
395.1192261346898
2117
750.6080083392308
413.7103551823726
2118
746.4766463286344
436.43284624065166
2119
742.3452843180382
459.1553372989306
2120
738.2139223074421
477.7464663466134
2121
734.0825602968459
498.40327639959435
2122
729.9511982862498
523.1914484631714
2123
723.7541552703556
541.7825775108543
2124
719.6227932597594
564.5050685691332
2125
711.3600692385669
587.2275596274121
2126
705.1630262226727
607.8843696803931
2127
698.9659832067784
632.6725417439701
2128
694.8346211961823
659.5263948128453
2129
690.7032591855861
680.1832048658262
2130
692.7689401908842
707.0370579347014
2131
688.6375781802881
727.6938679876823
2132
688.6375781802881
756.6134020618556
2133
686.57189717499
783.4672551307307
2134
688.6375781802881
808.2554271943077
2135
694.8346211961823
837.174961268481
2136
698.9659832067784
861.9631333320581
2137
705.1630262226727
892.9483484115294
2138
711.3600692385669
919.8022014804046
2139
715.491431249163
950.787416559876
2140
717.5571122544613
983.8383126446454
2141
717.5571122544613
1012.7578467188187
2142
713.425750243865
1047.8744238088861
0