2135
793.9873094504906
269.11268481150637
2136
791.9216284451925
283.572451848593
2137
787.7902664345963
304.22926190157386
2138
785.7245854292983
324.88607195455484
2139
781.5932234187019
343.4772010022376
2140
779.5275424134038
360.00264904462233
2141
779.5275424134038
380.6594590976032
2142
777.4618614081057
401.31626915058405
2143
775.3961804028077
415.7760361876707
2144
777.4618614081057
432.3014842300554
2145
777.4618614081057
448.8269322724402
2146
779.5275424134038
463.28669930952674
2147
779.5275424134038
475.6807853413153
2148
777.4618614081057
492.2062333837
2149
779.5275424134038
508.7316814260847
2150
777.4618614081057
525.2571294684694
2151
773.3304993975096
541.7825775108543
2152
773.3304993975096
558.308025553239
2153
773.3304993975096
572.7677925903256
2154
771.2648183922115
585.161878622114
2155
773.3304993975096
595.4902836486045
2156
779.5275424134038
607.8843696803931
2157
785.7245854292983
620.2784557121817
2158
796.0529904557886
626.4754987280759
2159
812.5784384981732
634.7382227492682
2160
829.103886540558
643.0009467704606
2161
843.5636535776446
649.1979897863548
2162
860.0891016200294
657.4607138075472
2163
884.8772736836065
663.6577568234414
2164
905.5340837365873
667.7891188340377
2165
928.2565747948663
673.9861618499319
2166
963.3731518849338
676.05184285523
2167
994.3583669644051
682.2488858711243
2168
1029.4749440544726
684.3145668764224
2169
1066.6572021498382
684.3145668764224
2170
1105.9051412505019
684.3145668764224
2171
1149.2844423617619
682.2488858711243
2172
1192.6637434730217
676.05184285523
2173
1236.0430445842815
669.8547998393358
2174
1283.5537077061376
667.7891188340377
2175
1343.4584568597822
661.5920758181434
2176
1395.1004819922343
657.4607138075472
2177
1446.7425071246867
653.3293517969511
2178
1506.647256278331
649.1979897863548
2179
1564.4863244266778
645.0666277757587
1