2168
110.24689669682306
845.4376852896734
2169
149.49483579748681
845.4376852896734
2170
182.54573188225623
843.3720042843753
2171
217.66230897232373
841.3063232790772
2172
252.77888606239122
837.174961268481
2173
285.82978214716064
830.9779182525867
2174
318.88067823193006
826.8465562419906
2175
349.8658933114014
818.5838322207983
2176
382.9167893961708
810.3211081996059
2177
413.9020044756422
797.9270221678173
2178
444.8872195551135
787.5986171413269
2179
482.0694776504791
775.2045311095383
2180
506.8576497140561
766.941807088346
2181
529.5801407723352
756.6134020618556
2182
560.5653558518065
742.1536350247688
2183
589.4848899259798
731.8252299982785
2184
612.2073809842586
717.3654629611918
2185
634.9298720425377
707.0370579347014
2186
657.6523631008167
692.5772908976147
2187
676.2434921484994
684.3145668764224
2188
696.9003022014804
671.9204808446339
2189
717.5571122544613
663.6577568234414
2190
734.0825602968459
653.3293517969511
2191
752.6736893445288
645.0666277757587
2192
771.2648183922115
632.6725417439701
2193
787.7902664345963
630.606860738672
2194
802.2500334716829
620.2784557121817
2195
816.7098005087696
609.9500506856912
2196
829.103886540558
603.7530076697968
2197
841.4979725723465
597.5559646539026
2198
851.8263775988371
589.2932406327103
2199
864.2204636306255
583.096197616816
2200
876.614549662414
574.8334735956237
2201
886.9429546889046
568.6364305797293
2202
899.337040720693
560.373706558537
2203
911.7311267524815
552.1109825373446
2204
924.1252127842702
539.7168965055561
2205
938.5849798213567
533.5198534896618
2206
955.1104278637415
519.0600864525752
2207
979.8985999273184
514.928724441979
2208
998.4897289750013
510.7973624313829
2209
1025.3435820438765
504.60031941548857
2210
1046.0003920968572
504.60031941548857
2211
1074.9199261710305
504.60031941548857
2212
1103.8394602452038
500.4689574048924
2213
1132.758994319377
502.5346384101905
2214
1161.6785283935503
504.60031941548857
2215
1192.6637434730217
502.5346384101905
2216
1229.8460015683872
506.66600042078665
2217
1264.9625786584547
510.7973624313829
2218
1300.0791557485222
512.863043436681
2219
1341.392775854484
521.1257674578733
2220
1378.5750339498497
521.1257674578733
2221
1421.9543350611095
523.1914484631714
2222
1463.2679551670712
525.2571294684694
2223
1506.647256278331
523.1914484631714
2224
1550.026557389591
525.2571294684694
0