2170
1589.2744964902547
539.7168965055561
2171
1547.960876384293
535.5855344949599
2172
1508.7129372836291
527.3228104737676
2173
1471.5306791882635
527.3228104737676
2174
1432.2827400876
516.9944054472771
2175
1399.2318440028305
508.7316814260847
2176
1370.3123099286572
504.60031941548857
2177
1337.2614138438878
498.40327639959435
2178
1304.2105177591184
486.0091903678058
2179
1271.159621674349
479.81214735191156
2180
1244.3057686054738
467.418061320123
2181
1215.3862345313007
461.22101830422866
2182
1188.5323814624255
450.8926132777383
2183
1167.8755714094445
440.5642082512478
2184
1145.1530803511657
432.3014842300554
2185
1124.4962702981848
424.0387602088631
2186
1105.9051412505019
411.64467417707453
2187
1089.3796932081173
399.250588145286
2188
1072.8542451657324
388.9221831187956
2189
1060.460159133944
380.6594590976032
2190
1046.0003920968572
374.46241608170897
2191
1031.5406250597707
364.1340110552185
2192
1015.0151770173861
353.805606028728
2193
998.4897289750013
345.5428820075357
2194
986.0956429432129
337.2801579863433
2195
977.8329189220203
326.9517529598529
2196
967.50451389553
318.6890289386605
2197
957.1761088690396
304.22926190157386
2198
950.9790658531454
302.1635808962758
2199
948.9133848478473
291.8351758697853
2200
944.7820228372509
285.6381328538911
2201
938.5849798213567
273.2440468221025
2202
934.4536178107605
262.91564179561215
2