2163
891.0743166995007
1064.3998718512707
2164
868.3518256412217
1012.7578467188187
2165
853.8920586041352
973.509907618155
2166
839.4322915670484
938.3933305280874
2167
822.9068435246638
897.0797104221256
2168
814.6441195034715
868.1601763479523
2169
804.3157144769809
822.7151942313944
2170
800.1843524663848
795.8613411625192
2171
798.1186714610867
758.6790830671537
2172
793.9873094504906
725.6281869823842
2173
798.1186714610867
694.6429719029128
2174
796.0529904557886
669.8547998393358
2175
798.1186714610867
638.8695847598644
2176
808.4470764875771
607.8843696803931
2177
822.9068435246638
585.161878622114
2178
837.3666105617503
558.308025553239
2179
860.0891016200294
537.651215500258
2180
874.5488686571159
512.863043436681
2181
886.9429546889046
490.14055237840194
2182
895.2056787100969
469.4837423254211
2183
899.337040720693
448.8269322724402
2184
897.271359715395
432.3014842300554
2185
897.271359715395
409.57899317177646
2186
893.1399977047988
390.9878641240937
2187
893.1399977047988
372.3967350764109
2188
893.1399977047988
355.8712870340262
2189
897.271359715395
335.2144769810452
2190
897.271359715395
318.6890289386605
2191
899.337040720693
302.1635808962758
2192
903.4684027312892
287.70381385918915
2193
901.4027217259911
271.17836581680444
0