2173
1578.946091463764
525.2571294684694
2174
1543.8295143736968
523.1914484631714
2175
1510.7786182889274
516.9944054472771
2176
1475.66204119886
510.7973624313829
2177
1444.6768261193886
504.60031941548857
2178
1409.560249029321
498.40327639959435
2179
1376.5093529445514
488.07487137310386
2180
1343.4584568597822
479.81214735191156
2181
1310.4075607750126
469.4837423254211
2182
1283.5537077061376
463.28669930952674
2183
1254.6341736319644
455.02397528833444
2184
1229.8460015683872
446.76125126714203
2185
1209.1891915154063
438.49852724594973
2186
1184.4010194518294
434.3671652353536
2187
1161.6785283935503
424.0387602088631
2188
1141.0217183405694
417.8417171929689
2189
1122.4305892928867
409.57899317177646
2190
1105.9051412505019
397.1849071399879
2191
1087.3140122028192
388.9221831187956
2192
1074.9199261710305
382.72514010290126
2193
1060.460159133944
372.3967350764109
2194
1050.1317541074536
366.19969206051655
2195
1033.6063060650688
357.93696803932426
2196
1021.2122200332803
345.5428820075357
2197
1008.8181340014917
337.2801579863433
2198
996.4240479697032
331.08311497044906
2199
986.0956429432129
322.82039094925665
2200
977.8329189220203
316.6233479333624
2201
971.6358759061261
304.22926190157386
2202
963.3731518849338
298.03221888567964
2203
959.2417898743377
287.70381385918915
2204
953.0447468584434
279.44108983799686
2205
946.8477038425492
271.17836581680444
2