2174
843.5636535776446
1029.2832947612033
2175
827.03820553526
994.1667176711358
2176
812.5784384981732
952.853097565174
2177
802.2500334716829
913.6051584645104
2178
800.1843524663848
882.619943385039
2179
800.1843524663848
841.3063232790772
2180
802.2500334716829
812.386789204904
2181
810.5127574928752
773.1388501042402
2182
820.8411625193658
740.0879540194708
2183
833.2352485511542
707.0370579347014
2184
849.760696593539
676.05184285523
2185
864.2204636306255
640.9352657651625
2186
876.614549662414
614.0814126962873
2187
886.9429546889046
583.096197616816
2188
897.271359715395
556.2423445479408
2189
903.4684027312892
527.3228104737676
2190
909.6654457471834
502.5346384101905
2191
913.7968077577796
479.81214735191156
2192
913.7968077577796
457.0896562936325
2193
913.7968077577796
438.49852724594973
2194
913.7968077577796
417.8417171929689
2195
913.7968077577796
399.250588145286
2196
911.7311267524815
380.6594590976032
2197
907.5997647418853
366.19969206051655
2198
905.5340837365873
351.7399250234299
2199
901.4027217259911
331.08311497044906
2200
899.337040720693
318.6890289386605
2201
895.2056787100969
306.29494290687194
2202
893.1399977047988
293.9008568750835
2203
891.0743166995007
281.50677084329493
2204
886.9429546889046
269.11268481150637
0