2188
793.9873094504906
283.572451848593
2189
793.9873094504906
295.96653788038157
2190
793.9873094504906
312.4919859227663
2191
796.0529904557886
329.017433965151
2192
791.9216284451925
345.5428820075357
2193
791.9216284451925
364.1340110552185
2194
789.8559474398944
384.79082110819934
2195
791.9216284451925
403.38195015588224
2196
789.8559474398944
419.90739819826695
2197
791.9216284451925
442.6298892565459
2198
793.9873094504906
461.22101830422866
2199
798.1186714610867
477.7464663466134
2200
802.2500334716829
492.2062333837
2201
806.381395482279
512.863043436681
2202
806.381395482279
529.3884914790657
2203
806.381395482279
541.7825775108543
2204
800.1843524663848
560.373706558537
2205
800.1843524663848
585.161878622114
2206
796.0529904557886
603.7530076697968
2207
793.9873094504906
624.4098177227778
2208
789.8559474398944
647.1323087810567
2209
787.7902664345963
665.7234378287395
2210
785.7245854292983
690.5116098923166
2211
785.7245854292983
713.2341009505957
2212
785.7245854292983
738.0222730141727
2213
785.7245854292983
766.941807088346
2214
785.7245854292983
791.7299791519231
2215
787.7902664345963
828.9122372472887
2216
787.7902664345963
855.7660903161639
2217
789.8559474398944
884.6856243903371
2218
791.9216284451925
913.6051584645104
2219
787.7902664345963
940.4590115333855
2220
785.7245854292983
971.4442266128568
2221
779.5275424134038
998.298079681732
2222
775.3961804028077
1035.4803377770977
2223
773.3304993975096
1064.3998718512707
0