2189
802.2500334716829
1076.7939578830594
2190
804.3157144769809
1041.677380792992
2191
804.3157144769809
1014.8235277241167
2192
806.381395482279
983.8383126446454
2193
806.381395482279
952.853097565174
2194
812.5784384981732
928.0649255015969
2195
818.7754815140677
890.8826674062313
2196
827.03820553526
868.1601763479523
2197
835.3009295564523
841.3063232790772
2198
841.4979725723465
818.5838322207983
2199
851.8263775988371
791.7299791519231
2200
853.8920586041352
766.941807088346
2201
860.0891016200294
748.3506780406632
2202
866.2861446359236
733.8909110035765
2203
872.4831876518178
709.1027389399994
2204
878.6802306677121
692.5772908976147
2205
884.8772736836065
671.9204808446339
2206
889.0086356942027
649.1979897863548
2207
891.0743166995007
630.606860738672
2208
891.0743166995007
607.8843696803931
2209
893.1399977047988
585.161878622114
2210
895.2056787100969
566.5707495744313
2211
895.2056787100969
541.7825775108543
2212
895.2056787100969
521.1257674578733
2213
893.1399977047988
498.40327639959435
2214
895.2056787100969
477.7464663466134
2215
895.2056787100969
452.95829428303637
2216
895.2056787100969
434.3671652353536
2217
893.1399977047988
415.7760361876707
2218
895.2056787100969
393.05354512939175
2219
893.1399977047988
376.52809708700704
2220
893.1399977047988
355.8712870340262
2221
893.1399977047988
335.2144769810452
2222
891.0743166995007
318.6890289386605
2223
891.0743166995007
302.1635808962758
2224
891.0743166995007
285.6381328538911
2225
889.0086356942027
271.17836581680444
2226
889.0086356942027
256.7185987797178
0