231
884.1966148605493
1035.206350281611
232
894.6481603344496
989.2195501964503
233
907.1900149031296
951.5939864904097
234
926.00279675615
913.9684227843691
235
940.6349604196103
876.3428590783285
236
959.4477422726304
842.8979135618481
237
974.0799059360907
801.0917316662474
238
990.8023786943311
767.6467861497669
239
999.1636150734512
736.2921497280663
240
1005.4345423577913
702.8472042115858
241
1011.7054696421314
665.2216405055452
242
1011.7054696421314
642.2282404629649
243
1009.6151605473513
608.7832949464843
244
1007.5248514525713
579.5189676195638
245
1005.4345423577913
552.3449493874234
246
1003.3442332630111
523.080622060503
247
1001.2539241682312
497.99691292314253
248
997.0733059786712
472.9132037857821
249
997.0733059786712
449.9198037432018
250
994.982996883891
420.6554764162813
251
992.892687789111
403.9330036580411
252
988.7120695995509
376.7589854259006
253
990.8023786943311
357.94620357288034
254
988.7120695995509
332.8624944355199
255
988.7120695995509
314.04971258249964
256
986.6217605047709
295.23693072947935
257
986.6217605047709
278.51445797123904
0