2231
756.805051355125
267.0470038062083
2232
756.805051355125
285.6381328538911
2233
758.8707323604231
304.22926190157386
2234
758.8707323604231
324.88607195455484
2235
758.8707323604231
343.4772010022376
2236
758.8707323604231
364.1340110552185
2237
763.0020943710192
384.79082110819934
2238
765.0677753763173
407.5133121664784
2239
765.0677753763173
426.10444121416117
2240
767.1334563816154
450.8926132777383
2241
769.1991373869134
473.6151043360172
2242
771.2648183922115
492.2062333837
2243
777.4618614081057
519.0600864525752
2244
781.5932234187019
537.651215500258
2245
785.7245854292983
562.4393875638351
2246
791.9216284451925
589.2932406327103
2247
796.0529904557886
612.0157316909892
2248
802.2500334716829
643.0009467704606
2249
806.381395482279
665.7234378287395
2250
812.5784384981732
694.6429719029128
2251
818.7754815140677
725.6281869823842
2252
824.9725245299619
754.5477210565574
2253
829.103886540558
785.5329361360288
2254
833.2352485511542
818.5838322207983
2255
831.1695675458561
853.7004093108658
2256
835.3009295564523
884.6856243903371
2257
837.3666105617503
919.8022014804046
2258
841.4979725723465
956.9844595757702
2259
843.5636535776446
990.0353556605396
2260
845.6293345829426
1027.2176137559052
2261
847.6950155882407
1062.334190845973
0