2252
785.7245854292983
283.572451848593
2253
785.7245854292983
304.22926190157386
2254
781.5932234187019
333.14879597574713
2255
783.6589044240002
360.00264904462233
2256
781.5932234187019
386.8565021134975
2257
779.5275424134038
411.64467417707453
2258
777.4618614081057
440.5642082512478
2259
775.3961804028077
471.54942333071915
2260
773.3304993975096
494.2719143889981
2261
769.1991373869134
531.4541724843638
2262
765.0677753763173
556.2423445479408
2263
763.0020943710192
589.2932406327103
2264
765.0677753763173
618.2127747068835
2265
769.1991373869134
655.3950328022491
2266
773.3304993975096
684.3145668764224
2267
779.5275424134038
721.496824971788
2268
783.6589044240002
754.5477210565574
2269
789.8559474398944
793.7956601572212
2270
793.9873094504906
833.0435992578848
2271
796.0529904557886
866.0944953426542
2272
804.3157144769809
905.342434443318
2273
812.5784384981732
942.5246925386837
2274
822.9068435246638
981.7726316393473
2275
833.2352485511542
1025.151932750607
2276
841.4979725723465
1062.334190845973
0