2276
1572.74904844787
539.7168965055561
2277
1529.36974733661
535.5855344949599
2278
1494.2531702465426
531.4541724843638
2279
1459.136593156475
527.3228104737676
2280
1426.0856970717057
523.1914484631714
2281
1397.1661629975324
516.9944054472771
2282
1368.2466289233591
510.7973624313829
2283
1345.5241378650803
502.5346384101905
2284
1322.8016468068013
496.3375953942963
2285
1300.0791557485222
488.07487137310386
2286
1279.4223456955415
479.81214735191156
2287
1256.6998546372624
473.6151043360172
2288
1238.1087255895795
465.3523803148249
2289
1221.583277547195
459.1553372989306
2290
1205.0578295048101
450.8926132777383
2291
1188.5323814624255
444.69557026184395
2292
1178.203976435935
438.49852724594973
2293
1161.6785283935503
430.2358032247573
2294
1147.2187613564638
426.10444121416117
2295
1136.8903563299732
417.8417171929689
2296
1122.4305892928867
411.64467417707453
2297
1114.1678652716944
405.4476311611803
2298
1103.8394602452038
397.1849071399879
2299
1095.5767362240115
388.9221831187956
2300
1089.3796932081173
380.6594590976032
2301
1089.3796932081173
376.52809708700704
2302
1083.182650192223
372.3967350764109
2303
1079.051288181627
368.26537306581463
2304
1079.051288181627
362.0683300499204
2305
1074.9199261710305
355.8712870340262
2306
1072.8542451657324
353.805606028728
2307
1070.7885641604344
349.67424401813184
2308
1070.7885641604344
343.4772010022376
2309
1068.7228831551363
339.34583899164136
2310
1068.7228831551363
335.2144769810452
2311
1068.7228831551363
329.017433965151
2312
1068.7228831551363
324.88607195455484
2313
1064.5915211445401
320.7547099439586
2314
1060.460159133944
316.6233479333624
2315
1060.460159133944
314.55766692806435
2316
1054.2631161180498
310.4263049174682
2317
1050.1317541074536
310.4263049174682
2318
1050.1317541074536
308.36062391217
2319
1046.0003920968572
304.22926190157386
2320
1039.803349080963
302.1635808962758
2321
1033.6063060650688
298.03221888567964
2322
1027.4092630491746
298.03221888567964
2323
1021.2122200332803
291.8351758697853
2324
1010.8838150067897
289.7694948644872
2325
1006.7524529961936
285.6381328538911
2326
1000.5554099802994
283.572451848593
2327
986.0956429432129
277.3754088326988
2328
977.8329189220203
269.11268481150637
2329
975.7672379167223
269.11268481150637
2