2283
938.5849798213567
1072.6625958724633
2284
930.3222558001644
1045.808742803588
2285
922.0595317789721
1012.7578467188187
2286
913.7968077577796
985.9039936499435
2287
897.271359715395
956.9844595757702
2288
886.9429546889046
930.130606506895
2289
870.4175066465198
901.2110724327217
2290
860.0891016200294
882.619943385039
2291
845.6293345829426
859.89745232676
2292
831.1695675458561
830.9779182525867
2293
818.7754815140677
812.386789204904
2294
806.381395482279
785.5329361360288
2295
798.1186714610867
760.7447640724517
2296
791.9216284451925
740.0879540194708
2297
787.7902664345963
715.2997819558938
2298
789.8559474398944
696.7086529082109
2299
793.9873094504906
673.9861618499319
2300
802.2500334716829
651.263670791653
2301
808.4470764875771
632.6725417439701
2302
820.8411625193658
614.0814126962873
2303
829.103886540558
601.6873266644988
2304
841.4979725723465
587.2275596274121
2305
847.6950155882407
570.7021115850274
2306
855.9577396094332
556.2423445479408
2307
864.2204636306255
543.8482585161523
2308
870.4175066465198
523.1914484631714
2309
874.5488686571159
508.7316814260847
2310
874.5488686571159
496.3375953942963
2311
876.614549662414
477.7464663466134
2312
880.7459116730104
465.3523803148249
2313
878.6802306677121
450.8926132777383
2314
878.6802306677121
434.3671652353536
2315
878.6802306677121
419.90739819826695
2316
878.6802306677121
403.38195015588224
2317
878.6802306677121
386.8565021134975
2318
878.6802306677121
374.46241608170897
2319
878.6802306677121
353.805606028728
2320
878.6802306677121
343.4772010022376
2321
878.6802306677121
326.9517529598529
2322
882.8115926783084
316.6233479333624
2323
880.7459116730104
304.22926190157386
2324
884.8772736836065
287.70381385918915
2325
884.8772736836065
273.2440468221025
2326
882.8115926783084
262.91564179561215
0