2301
793.9873094504906
269.11268481150637
2302
789.8559474398944
283.572451848593
2303
785.7245854292983
302.1635808962758
2304
781.5932234187019
322.82039094925665
2305
777.4618614081057
341.41151999693955
2306
775.3961804028077
362.0683300499204
2307
773.3304993975096
382.72514010290126
2308
771.2648183922115
403.38195015588224
2309
771.2648183922115
417.8417171929689
2310
767.1334563816154
440.5642082512478
2311
765.0677753763173
457.0896562936325
2312
763.0020943710192
475.6807853413153
2313
763.0020943710192
494.2719143889981
2314
758.8707323604231
510.7973624313829
2315
754.7393703498269
525.2571294684694
2316
750.6080083392308
537.651215500258
2317
748.5423273339327
550.0453015320466
2318
746.4766463286344
564.5050685691332
2319
740.2796033127402
578.9648356062198
2320
738.2139223074421
597.5559646539026
2321
734.0825602968459
612.0157316909892
2322
732.0168792915479
628.541179733374
2323
727.8855172809517
643.0009467704606
2324
723.7541552703556
661.5920758181434
2325
721.6884742650575
676.05184285523
2326
721.6884742650575
694.6429719029128
2327
721.6884742650575
711.1684199452975
2328
723.7541552703556
729.7595489929804
2329
725.8198362756536
744.2193160300669
2330
732.0168792915479
764.8761260830479
2331
736.148241302144
785.5329361360288
2332
738.2139223074421
799.9927031731154
2333
740.2796033127402
822.7151942313944
2334
744.4109653233363
843.3720042843753
2335
746.4766463286344
861.9631333320581
2336
748.5423273339327
878.4885813744428
2337
754.7393703498269
897.0797104221256
2338
756.805051355125
909.4737964539141
2339
769.1991373869134
921.8678824857027
2340
779.5275424134038
934.2619685174911
2341
791.9216284451925
950.787416559876
2342
810.5127574928752
969.3785456075587
2343
827.03820553526
985.9039936499435
2344
839.4322915670484
1002.4294416923282
2345
855.9577396094332
1025.151932750607
2346
872.4831876518178
1043.74306179829
2347
884.8772736836065
1062.334190845973
0