2306
767.1334563816154
283.572451848593
2307
765.0677753763173
295.96653788038157
2308
758.8707323604231
312.4919859227663
2309
756.805051355125
329.017433965151
2310
750.6080083392308
347.60856301283377
2311
746.4766463286344
362.0683300499204
2312
742.3452843180382
380.6594590976032
2313
736.148241302144
401.31626915058405
2314
736.148241302144
417.8417171929689
2315
732.0168792915479
436.43284624065166
2316
732.0168792915479
457.0896562936325
2317
725.8198362756536
473.6151043360172
2318
721.6884742650575
490.14055237840194
2319
711.3600692385669
508.7316814260847
2320
698.9659832067784
527.3228104737676
2321
686.57189717499
543.8482585161523
2322
678.3091731537975
558.308025553239
2323
667.9807681273071
578.9648356062198
2324
659.7180441061148
599.6216456592007
2325
655.5866820955187
612.0157316909892
2326
651.4553200849225
628.541179733374
2327
649.3896390796242
649.1979897863548
2328
645.258277069028
665.7234378287395
2329
647.3239580743261
678.1175238605281
2330
649.3896390796242
698.774333913509
2331
651.4553200849225
713.2341009505957
2332
653.5210010902206
729.7595489929804
2333
653.5210010902206
746.284997035365
2334
651.4553200849225
764.8761260830479
2335
651.4553200849225
781.4015741254326
2336
649.3896390796242
797.9270221678173
2337
651.4553200849225
818.5838322207983
2338
655.5866820955187
837.174961268481
2339
659.7180441061148
855.7660903161639
2340
667.9807681273071
874.3572193638466
2341
674.1778111432013
892.9483484115294
2342
684.5062161696919
915.6708394698085
2343
692.7689401908842
934.2619685174911
2344
701.0316642120765
954.9187785704721
2345
707.2287072279707
979.7069506340492
2346
715.491431249163
1002.4294416923282
2347
719.6227932597594
1031.3489757665016
2348
721.6884742650575
1054.0714668247804
0