2311
810.5127574928752
269.11268481150637
2312
808.4470764875771
285.6381328538911
2313
808.4470764875771
304.22926190157386
2314
808.4470764875771
322.82039094925665
2315
806.381395482279
345.5428820075357
2316
806.381395482279
362.0683300499204
2317
802.2500334716829
378.5937780923051
2318
798.1186714610867
399.250588145286
2319
791.9216284451925
413.7103551823726
2320
783.6589044240002
430.2358032247573
2321
777.4618614081057
446.76125126714203
2322
771.2648183922115
461.22101830422866
2323
763.0020943710192
473.6151043360172
2324
756.805051355125
486.0091903678058
2325
752.6736893445288
500.4689574048924
2326
750.6080083392308
514.928724441979
2327
744.4109653233363
527.3228104737676
2328
742.3452843180382
541.7825775108543
2329
738.2139223074421
552.1109825373446
2330
734.0825602968459
566.5707495744313
2331
734.0825602968459
578.9648356062198
2332
734.0825602968459
591.3589216380084
2333
729.9511982862498
601.6873266644988
2334
729.9511982862498
616.1470937015854
2335
725.8198362756536
630.606860738672
2336
723.7541552703556
643.0009467704606
2337
721.6884742650575
659.5263948128453
2338
719.6227932597594
676.05184285523
2339
723.7541552703556
692.5772908976147
2340
725.8198362756536
704.9713769294033
2341
725.8198362756536
715.2997819558938
2342
725.8198362756536
729.7595489929804
2343
727.8855172809517
740.0879540194708
2344
729.9511982862498
750.4163590459613
2345
727.8855172809517
764.8761260830479
2346
727.8855172809517
779.3358931201345
2347
727.8855172809517
791.7299791519231
2348
725.8198362756536
802.0583841784135
2349
727.8855172809517
818.5838322207983
2350
725.8198362756536
833.0435992578848
2351
725.8198362756536
849.5690473002696
2352
725.8198362756536
868.1601763479523
2353
725.8198362756536
884.6856243903371
2354
725.8198362756536
905.342434443318
2355
727.8855172809517
919.8022014804046
2356
729.9511982862498
936.3276495227893
2357
734.0825602968459
956.9844595757702
2358
736.148241302144
975.5755886234531
2359
736.148241302144
992.1010366658377
2360
738.2139223074421
1010.6921657135206
2361
738.2139223074421
1029.2832947612033
2362
738.2139223074421
1043.74306179829
2363
740.2796033127402
1056.1371478300784
2364
744.4109653233363
1070.5969148671652
0