2316
798.1186714610867
281.50677084329493
2317
798.1186714610867
300.0978998909777
2318
798.1186714610867
318.6890289386605
2319
800.1843524663848
335.2144769810452
2320
798.1186714610867
351.7399250234299
2321
798.1186714610867
374.46241608170897
2322
796.0529904557886
393.05354512939175
2323
796.0529904557886
411.64467417707453
2324
793.9873094504906
430.2358032247573
2325
791.9216284451925
448.8269322724402
2326
793.9873094504906
467.418061320123
2327
796.0529904557886
483.9435093625077
2328
796.0529904557886
502.5346384101905
2329
800.1843524663848
525.2571294684694
2330
802.2500334716829
545.9139395214504
2331
804.3157144769809
568.6364305797293
2332
804.3157144769809
595.4902836486045
2333
802.2500334716829
616.1470937015854
2334
800.1843524663848
645.0666277757587
2335
796.0529904557886
669.8547998393358
2336
796.0529904557886
692.5772908976147
2337
793.9873094504906
725.6281869823842
2338
791.9216284451925
744.2193160300669
2339
791.9216284451925
771.0731690989421
2340
791.9216284451925
793.7956601572212
2341
791.9216284451925
810.3211081996059
2342
796.0529904557886
830.9779182525867
2343
798.1186714610867
851.6347283055677
2344
800.1843524663848
866.0944953426542
2345
798.1186714610867
886.7513053956352
2346
802.2500334716829
907.4081154486161
2347
802.2500334716829
928.0649255015969
2348
802.2500334716829
948.7217355545779
2349
804.3157144769809
973.509907618155
2350
804.3157144769809
992.1010366658377
2351
802.2500334716829
1014.8235277241167
2352
802.2500334716829
1039.6116997876939
2353
804.3157144769809
1058.2028288353765
0