2317
756.805051355125
279.44108983799686
2318
750.6080083392308
289.7694948644872
2319
748.5423273339327
306.29494290687194
2320
746.4766463286344
322.82039094925665
2321
744.4109653233363
337.2801579863433
2322
744.4109653233363
349.67424401813184
2323
742.3452843180382
364.1340110552185
2324
744.4109653233363
378.5937780923051
2325
744.4109653233363
393.05354512939175
2326
742.3452843180382
407.5133121664784
2327
740.2796033127402
419.90739819826695
2328
738.2139223074421
430.2358032247573
2329
738.2139223074421
448.8269322724402
2330
736.148241302144
459.1553372989306
2331
736.148241302144
473.6151043360172
2332
736.148241302144
488.07487137310386
2333
734.0825602968459
502.5346384101905
2334
734.0825602968459
512.863043436681
2335
736.148241302144
531.4541724843638
2336
736.148241302144
543.8482585161523
2337
736.148241302144
556.2423445479408
2338
736.148241302144
570.7021115850274
2339
736.148241302144
585.161878622114
2340
740.2796033127402
601.6873266644988
2341
744.4109653233363
614.0814126962873
2342
746.4766463286344
626.4754987280759
2343
748.5423273339327
645.0666277757587
2344
752.6736893445288
659.5263948128453
2345
752.6736893445288
671.9204808446339
2346
752.6736893445288
686.3802478817205
2347
752.6736893445288
700.8400149188071
2348
754.7393703498269
715.2997819558938
2349
754.7393703498269
727.6938679876823
2350
756.805051355125
742.1536350247688
2351
763.0020943710192
756.6134020618556
2352
767.1334563816154
769.007488093644
2353
773.3304993975096
783.4672551307307
2354
777.4618614081057
795.8613411625192
2355
779.5275424134038
812.386789204904
2356
783.6589044240002
826.8465562419906
2357
779.5275424134038
843.3720042843753
2358
777.4618614081057
855.7660903161639
2359
775.3961804028077
874.3572193638466
2360
775.3961804028077
890.8826674062313
2361
775.3961804028077
905.342434443318
2362
777.4618614081057
917.7365204751065
2363
779.5275424134038
938.3933305280874
2364
779.5275424134038
952.853097565174
2365
781.5932234187019
969.3785456075587
2366
783.6589044240002
983.8383126446454
2367
785.7245854292983
996.232398676434
2368
787.7902664345963
1010.6921657135206
2369
789.8559474398944
1027.2176137559052
2370
791.9216284451925
1041.677380792992
2371
789.8559474398944
1052.0057858194823
2372
791.9216284451925
1066.465552856569
0