2325
758.8707323604231
275.3097278274006
2326
756.805051355125
283.572451848593
2327
756.805051355125
298.03221888567964
2328
754.7393703498269
310.4263049174682
2329
752.6736893445288
324.88607195455484
2330
752.6736893445288
337.2801579863433
2331
752.6736893445288
351.7399250234299
2332
750.6080083392308
364.1340110552185
2333
750.6080083392308
378.5937780923051
2334
746.4766463286344
390.9878641240937
2335
742.3452843180382
403.38195015588224
2336
738.2139223074421
415.7760361876707
2337
736.148241302144
430.2358032247573
2338
734.0825602968459
442.6298892565459
2339
732.0168792915479
457.0896562936325
2340
732.0168792915479
465.3523803148249
2341
732.0168792915479
479.81214735191156
2342
729.9511982862498
490.14055237840194
2343
727.8855172809517
506.66600042078665
2344
723.7541552703556
521.1257674578733
2345
717.5571122544613
535.5855344949599
2346
711.3600692385669
547.9796205267485
2347
705.1630262226727
562.4393875638351
2348
701.0316642120765
578.9648356062198
2349
690.7032591855861
593.4246026433065
2350
680.3748541590955
603.7530076697968
2351
670.0464491326052
620.2784557121817
2352
655.5866820955187
634.7382227492682
2353
636.9955530478358
649.1979897863548
2354
620.4701050054512
663.6577568234414
2355
601.8789759577683
673.9861618499319
2356
579.1564848994892
688.4459288870186
2357
552.3026318306142
704.9713769294033
2358
525.448778761739
719.4311439664899
2359
496.5292446875657
731.8252299982785
2360
463.4783486027963
742.1536350247688
2361
428.3617715127288
754.5477210565574
2362
389.11383241206505
766.941807088346
2363
349.8658933114014
779.3358931201345
2364
306.4865922001415
789.664298146625
2365
265.1729720941798
795.8613411625192
2366
223.85935198821795
799.9927031731154
2367
176.3486888663619
802.0583841784135
2368
130.90370674980403
808.2554271943077
2369
81.3273626226499
810.3211081996059
2